27 03 2014 05 26 09 0.06 
27 03 2014 05 26 10 0.15 
27 03 2014 05 26 19 0.06 
27 03 2014 05 26 38 0.05 
27 03 2014 05 27 04 0.09 
27 03 2014 05 27 30 0.12 
27 03 2014 05 27 34 0.05 
27 03 2014 05 27 41 0.17 
27 03 2014 05 28 17 0.05 
27 03 2014 05 29 45 0.24 
27 03 2014 05 30 36 0.11 
27 03 2014 05 31 15 0.08 
27 03 2014 05 31 26 0.12 
27 03 2014 05 31 48 0.06 
27 03 2014 05 31 50 0.07 
27 03 2014 05 32 33 0.06 
27 03 2014 05 33 30 0.07 
27 03 2014 09 49 10 0.05 
27 03 2014 09 50 28 0.06 
27 03 2014 10 13 33 0.05 
27 03 2014 10 20 53 0.14 
27 03 2014 10 21 56 0.15 
27 03 2014 10 23 28 0.09 
27 03 2014 10 23 53 0.14 
27 03 2014 10 24 20 0.05 
27 03 2014 10 24 29 0.17 
27 03 2014 10 24 31 0.12 
27 03 2014 10 25 14 0.20 
27 03 2014 10 25 26 0.10 
27 03 2014 10 25 35 0.17 
27 03 2014 10 26 11 0.09 
27 03 2014 10 26 24 0.19 
27 03 2014 10 26 57 0.05 
27 03 2014 10 27 01 0.18 
27 03 2014 10 27 54 0.35 
27 03 2014 10 45 59 0.07 
27 03 2014 10 52 20 0.05 
27 03 2014 11 08 28 0.10 
27 03 2014 11 08 31 0.06 
27 03 2014 11 08 54 0.06 
27 03 2014 11 09 21 0.05 
27 03 2014 11 13 19 0.05 
27 03 2014 11 18 28 0.08 
27 03 2014 11 26 33 0.12 
27 03 2014 11 33 06 0.10 
27 03 2014 11 33 17 0.09 
27 03 2014 11 34 20 0.08 
27 03 2014 18 53 29 0.08 
27 03 2014 18 54 44 0.06 
27 03 2014 18 55 05 0.36 
27 03 2014 18 55 38 0.16 
27 03 2014 18 55 43 0.06 
27 03 2014 18 55 55 0.06 
27 03 2014 18 55 59 0.45 
27 03 2014 18 56 15 0.33 
27 03 2014 18 56 31 0.12 
27 03 2014 18 56 33 0.06 
27 03 2014 18 56 44 0.05 
27 03 2014 18 56 58 0.22 
27 03 2014 18 57 14 0.08 
27 03 2014 18 57 41 0.08 
27 03 2014 18 58 04 0.08 
27 03 2014 18 58 05 0.19 
27 03 2014 18 58 16 0.07 
27 03 2014 18 58 21 0.19 
27 03 2014 18 58 46 0.06 
27 03 2014 18 58 51 0.21 
27 03 2014 18 59 12 0.06 
27 03 2014 18 59 24 0.21 
27 03 2014 18 59 32 0.10 
27 03 2014 18 59 32 0.12 
27 03 2014 18 59 34 0.11 
27 03 2014 18 59 37 0.05 
27 03 2014 18 59 53 0.33 
27 03 2014 18 59 54 0.36 
27 03 2014 19 00 08 0.09 
27 03 2014 19 00 39 0.10 
27 03 2014 19 00 55 0.10 
27 03 2014 19 01 32 0.09 
27 03 2014 19 01 54 0.16 
27 03 2014 19 02 17 0.15 
27 03 2014 19 03 09 0.10 
27 03 2014 19 03 15 0.09 
27 03 2014 19 04 27 0.40 
27 03 2014 19 05 03 0.06 
27 03 2014 19 05 04 0.16 
27 03 2014 19 05 14 0.12 
27 03 2014 19 05 45 0.06 
27 03 2014 19 07 03 0.22 
27 03 2014 19 09 29 0.11 
27 03 2014 19 09 41 0.10 
27 03 2014 19 10 05 0.08 
27 03 2014 19 12 15 0.11 
27 03 2014 19 12 15 0.29 
27 03 2014 19 13 31 0.07 
27 03 2014 19 13 41 0.13 
27 03 2014 19 13 52 0.05 
27 03 2014 19 14 43 0.08 
27 03 2014 19 14 44 0.06 
27 03 2014 19 18 53 0.06 
27 03 2014 19 20 45 0.79 
27 03 2014 19 22 23 0.06 
27 03 2014 19 23 08 0.09 
27 03 2014 19 23 13 0.07 
27 03 2014 19 23 14 3.30 
27 03 2014 19 23 14 0.48 
27 03 2014 19 23 20 0.45 
27 03 2014 19 23 26 0.05 
27 03 2014 19 23 38 2.19 
27 03 2014 19 23 55 3.30 
27 03 2014 19 24 05 0.12 
27 03 2014 19 24 12 0.69 
27 03 2014 19 24 13 0.41 
27 03 2014 19 24 20 1.21 
27 03 2014 19 24 21 0.57 
27 03 2014 19 24 22 1.39 
27 03 2014 19 24 28 0.41 
27 03 2014 19 24 33 1.50 
27 03 2014 19 24 37 0.12 
27 03 2014 19 24 47 0.42 
27 03 2014 19 24 49 0.05 
27 03 2014 19 24 51 0.09 
27 03 2014 19 24 55 0.06 
27 03 2014 19 24 56 2.45 
27 03 2014 19 24 59 0.05 
27 03 2014 19 25 02 1.78 
27 03 2014 19 25 03 0.07 
27 03 2014 19 25 08 0.82 
27 03 2014 19 25 16 0.31 
27 03 2014 19 25 40 0.11 
27 03 2014 19 25 50 1.67 
27 03 2014 19 25 53 0.17 
27 03 2014 19 26 08 0.08 
27 03 2014 19 26 28 1.30 
27 03 2014 19 26 42 0.27 
27 03 2014 19 26 54 0.10 
27 03 2014 19 27 03 0.99 
27 03 2014 19 27 10 0.69 
27 03 2014 19 27 11 0.81 
27 03 2014 19 27 20 0.25 
27 03 2014 19 27 22 0.12 
27 03 2014 19 27 29 0.34 
27 03 2014 19 27 31 0.00 
27 03 2014 19 27 34 0.06 
27 03 2014 19 27 36 0.92 
27 03 2014 19 27 39 0.24 
27 03 2014 19 27 39 0.07 
27 03 2014 19 27 44 0.78 
27 03 2014 19 27 48 3.30 
27 03 2014 19 27 49 1.61 
27 03 2014 19 27 50 0.18 
27 03 2014 19 27 50 0.11 
27 03 2014 19 27 55 0.20 
27 03 2014 19 27 58 0.93 
27 03 2014 19 28 02 0.05 
27 03 2014 19 28 09 1.13 
27 03 2014 19 28 11 0.11 
27 03 2014 19 28 11 0.18 
27 03 2014 19 28 11 1.27 
27 03 2014 19 28 12 2.89 
27 03 2014 19 28 13 0.92 
27 03 2014 19 28 15 0.05 
27 03 2014 19 28 17 0.10 
27 03 2014 19 28 17 0.07 
27 03 2014 19 28 17 0.55 
27 03 2014 19 28 26 0.15 
27 03 2014 19 28 27 0.24 
27 03 2014 19 28 27 0.53 
27 03 2014 19 28 28 0.59 
27 03 2014 19 28 29 0.22 
27 03 2014 19 28 29 0.38 
27 03 2014 19 28 30 2.64 
27 03 2014 19 28 30 0.19 
27 03 2014 19 28 31 0.17 
27 03 2014 19 28 32 2.05 
27 03 2014 19 28 33 0.08 
27 03 2014 19 28 36 0.08 
27 03 2014 19 28 36 1.46 
27 03 2014 19 28 37 1.65 
27 03 2014 19 28 38 1.69 
27 03 2014 19 28 39 0.23 
27 03 2014 19 28 41 0.17 
27 03 2014 19 28 45 0.18 
27 03 2014 19 28 45 0.25 
27 03 2014 19 28 45 0.14 
27 03 2014 19 28 45 1.30 
27 03 2014 19 28 46 0.42 
27 03 2014 19 28 46 0.33 
27 03 2014 19 28 46 0.21 
27 03 2014 19 28 47 0.17 
27 03 2014 19 28 47 0.12 
27 03 2014 19 28 47 0.22 
27 03 2014 19 28 50 2.23 
27 03 2014 19 28 50 0.40 
27 03 2014 19 28 51 0.45 
27 03 2014 19 28 51 0.32 
27 03 2014 19 28 51 2.02 
27 03 2014 19 28 51 0.73 
27 03 2014 19 28 52 0.09 
27 03 2014 19 28 52 2.60 
27 03 2014 19 28 55 0.08 
27 03 2014 19 28 55 0.46 
27 03 2014 19 28 55 0.22 
27 03 2014 19 28 57 0.08 
27 03 2014 19 28 57 0.06 
27 03 2014 19 28 57 0.17 
27 03 2014 19 28 58 1.17 
27 03 2014 19 28 58 1.24 
27 03 2014 19 28 58 0.26 
27 03 2014 19 28 59 0.09 
27 03 2014 19 28 59 1.31 
27 03 2014 19 28 59 0.09 
27 03 2014 19 29 00 0.91 
27 03 2014 19 29 00 0.63 
27 03 2014 19 29 01 0.05 
27 03 2014 19 29 03 0.13 
27 03 2014 19 29 03 0.10 
27 03 2014 19 29 05 0.50 
27 03 2014 19 29 06 0.06 
27 03 2014 19 29 07 0.06 
27 03 2014 19 29 08 2.17 
27 03 2014 19 29 08 1.41 
27 03 2014 19 29 09 0.05 
27 03 2014 19 29 09 0.07 
27 03 2014 19 29 09 0.90 
27 03 2014 19 29 10 2.26 
27 03 2014 19 29 11 0.32 
27 03 2014 19 29 12 0.21 
27 03 2014 19 29 13 0.05 
27 03 2014 19 29 14 0.11 
27 03 2014 19 29 15 0.33 
27 03 2014 19 29 15 0.17 
27 03 2014 19 29 15 0.62 
27 03 2014 19 29 15 0.09 
27 03 2014 19 29 16 0.10 
27 03 2014 19 29 17 0.06 
27 03 2014 19 29 17 0.41 
27 03 2014 19 29 18 0.83 
27 03 2014 19 29 19 0.43 
27 03 2014 19 29 20 0.36 
27 03 2014 19 29 20 0.05 
27 03 2014 19 29 21 0.13 
27 03 2014 19 29 22 0.30 
27 03 2014 19 29 23 0.18 
27 03 2014 19 29 24 0.11 
27 03 2014 19 29 24 0.10 
27 03 2014 19 29 25 0.05 
27 03 2014 19 29 26 0.07 
27 03 2014 19 29 27 0.27 
27 03 2014 19 29 27 0.07 
27 03 2014 19 29 29 0.21 
27 03 2014 19 29 29 0.08 
27 03 2014 19 29 31 0.05 
27 03 2014 19 29 31 0.43 
27 03 2014 19 29 32 0.10 
27 03 2014 19 29 33 0.07 
27 03 2014 19 29 33 0.17 
27 03 2014 19 29 34 3.30 
27 03 2014 19 29 35 0.21 
27 03 2014 19 29 35 0.11 
27 03 2014 19 29 36 0.13 
27 03 2014 19 29 38 0.07 
27 03 2014 19 29 38 0.84 
27 03 2014 19 29 38 2.60 
27 03 2014 19 29 39 0.12 
27 03 2014 19 29 39 0.22 
27 03 2014 19 29 40 0.19 
27 03 2014 19 29 41 0.28 
27 03 2014 19 29 41 0.46 
27 03 2014 19 29 42 1.31 
27 03 2014 19 29 42 0.09 
27 03 2014 19 29 42 0.34 
27 03 2014 19 29 43 0.29 
27 03 2014 19 29 43 0.44 
27 03 2014 19 29 44 0.06 
27 03 2014 19 29 44 0.05 
27 03 2014 19 29 45 0.14 
27 03 2014 19 29 45 0.62 
27 03 2014 19 29 46 0.16 
27 03 2014 19 29 47 0.08 
27 03 2014 19 29 48 0.17 
27 03 2014 19 29 48 0.07 
27 03 2014 19 29 49 0.20 
27 03 2014 19 29 49 0.96 
27 03 2014 19 29 49 0.24 
27 03 2014 19 29 51 0.11 
27 03 2014 19 29 53 0.30 
27 03 2014 19 29 53 0.19 
27 03 2014 19 29 55 0.12 
27 03 2014 19 29 56 0.09 
27 03 2014 19 29 57 0.21 
27 03 2014 19 29 57 0.12 
27 03 2014 19 29 58 0.09 
27 03 2014 19 29 59 0.20 
27 03 2014 19 30 00 0.06 
27 03 2014 19 30 01 0.09 
27 03 2014 19 30 01 0.16 
27 03 2014 19 30 03 0.10 
27 03 2014 19 30 03 0.17 
27 03 2014 19 30 04 0.12 
27 03 2014 19 30 05 0.23 
27 03 2014 19 30 05 0.08 
27 03 2014 19 30 09 1.61 
27 03 2014 19 30 10 0.11 
27 03 2014 19 30 11 0.10 
27 03 2014 19 30 11 1.40 
27 03 2014 19 30 12 1.19 
27 03 2014 19 30 13 0.51 
27 03 2014 19 30 14 0.00 
27 03 2014 19 30 15 0.06 
27 03 2014 19 30 16 0.07 
27 03 2014 19 30 16 0.09 
27 03 2014 19 30 16 0.51 
27 03 2014 19 30 17 0.16 
27 03 2014 19 30 17 0.08 
27 03 2014 19 30 18 0.40 
27 03 2014 19 30 19 0.39 
27 03 2014 19 30 21 0.32 
27 03 2014 19 30 22 0.06 
27 03 2014 19 30 23 0.22 
27 03 2014 19 30 23 0.05 
27 03 2014 19 30 26 0.14 
27 03 2014 19 30 26 0.14 
27 03 2014 19 30 26 0.18 
27 03 2014 19 30 28 0.22 
27 03 2014 19 30 30 0.26 
27 03 2014 19 30 32 0.06 
27 03 2014 19 30 34 0.25 
27 03 2014 19 30 35 0.23 
27 03 2014 19 30 37 0.19 
27 03 2014 19 30 38 0.09 
27 03 2014 19 30 39 0.06 
27 03 2014 19 30 41 0.07 
27 03 2014 19 30 42 0.06 
27 03 2014 19 30 43 0.12 
27 03 2014 19 30 44 0.10 
27 03 2014 19 30 45 0.13 
27 03 2014 19 30 50 0.07 
27 03 2014 19 30 54 0.08 
27 03 2014 19 30 55 0.23 
27 03 2014 19 30 55 0.07 
27 03 2014 19 30 56 0.06 
27 03 2014 19 30 56 0.07 
27 03 2014 19 31 02 0.29 
27 03 2014 19 31 10 0.08 
27 03 2014 19 31 13 0.07 
27 03 2014 19 31 16 0.07 
27 03 2014 19 31 16 0.07 
27 03 2014 19 31 19 0.05 
27 03 2014 19 31 20 0.17 
27 03 2014 19 31 22 0.09 
27 03 2014 19 31 25 0.48 
27 03 2014 19 31 25 0.12 
27 03 2014 19 31 27 0.66 
27 03 2014 19 31 28 0.14 
27 03 2014 19 31 41 0.69 
27 03 2014 19 31 45 0.12 
27 03 2014 19 31 49 0.46 
27 03 2014 19 31 54 0.13 
27 03 2014 19 31 56 0.17 
27 03 2014 19 32 08 0.09 
27 03 2014 19 32 09 0.14 
27 03 2014 19 32 10 0.05 
27 03 2014 19 32 12 0.05 
27 03 2014 19 32 14 0.40 
27 03 2014 19 32 15 0.21 
27 03 2014 19 32 17 0.32 
27 03 2014 19 32 17 0.10 
27 03 2014 19 32 18 0.37 
27 03 2014 19 32 20 0.33 
27 03 2014 19 32 23 0.16 
27 03 2014 19 32 23 0.39 
27 03 2014 19 32 23 0.09 
27 03 2014 19 32 24 0.34 
27 03 2014 19 32 26 0.07 
27 03 2014 19 32 28 0.65 
27 03 2014 19 32 28 0.76 
27 03 2014 19 32 30 0.42 
27 03 2014 19 32 30 0.29 
27 03 2014 19 32 31 0.07 
27 03 2014 19 32 32 0.06 
27 03 2014 19 32 34 0.31 
27 03 2014 19 32 35 0.40 
27 03 2014 19 32 36 0.08 
27 03 2014 19 32 37 0.19 
27 03 2014 19 32 39 0.20 
27 03 2014 19 32 40 0.07 
27 03 2014 19 32 41 0.10 
27 03 2014 19 32 41 0.27 
27 03 2014 19 32 43 0.17 
27 03 2014 19 32 43 0.16 
27 03 2014 19 32 46 0.30 
27 03 2014 19 32 47 0.16 
27 03 2014 19 32 48 0.09 
27 03 2014 19 32 49 0.38 
27 03 2014 19 32 50 0.09 
27 03 2014 19 32 51 0.32 
27 03 2014 19 32 52 0.27 
27 03 2014 19 32 54 0.05 
27 03 2014 19 32 55 0.46 
27 03 2014 19 32 56 0.14 
27 03 2014 19 32 57 0.10 
27 03 2014 19 33 02 0.07 
27 03 2014 19 33 03 0.11 
27 03 2014 19 33 04 0.47 
27 03 2014 19 33 06 0.24 
27 03 2014 19 33 06 0.17 
27 03 2014 19 33 06 0.18 
27 03 2014 19 33 07 0.24 
27 03 2014 19 33 08 0.00 
27 03 2014 19 33 08 0.05 
27 03 2014 19 33 09 0.07 
27 03 2014 19 33 12 0.13 
27 03 2014 19 33 12 0.29 
27 03 2014 19 33 14 0.08 
27 03 2014 19 33 19 0.15 
27 03 2014 19 33 20 0.09 
27 03 2014 19 33 22 0.30 
27 03 2014 19 33 23 0.05 
27 03 2014 19 33 30 0.16 
27 03 2014 19 33 30 0.11 
27 03 2014 19 33 31 0.29 
27 03 2014 19 33 32 0.09 
27 03 2014 19 33 35 0.15 
27 03 2014 19 33 36 0.00 
27 03 2014 19 33 37 0.22 
27 03 2014 19 33 38 0.18 
27 03 2014 19 33 39 0.09 
27 03 2014 19 33 39 0.10 
27 03 2014 19 33 39 0.30 
27 03 2014 19 33 39 0.19 
27 03 2014 19 33 40 0.05 
27 03 2014 19 33 40 0.07 
27 03 2014 19 33 47 0.24 
27 03 2014 19 33 54 0.21 
27 03 2014 19 33 54 0.23 
27 03 2014 19 33 57 0.21 
27 03 2014 19 34 01 0.13 
27 03 2014 19 34 01 0.28 
27 03 2014 19 34 02 0.32 
27 03 2014 19 34 03 0.05 
27 03 2014 19 34 06 0.32 
27 03 2014 19 34 07 0.07 
27 03 2014 19 34 08 0.39 
27 03 2014 19 34 09 0.06 
27 03 2014 19 34 09 0.09 
27 03 2014 19 34 10 0.15 
27 03 2014 19 34 12 0.05 
27 03 2014 19 34 13 0.07 
27 03 2014 19 34 13 0.00 
27 03 2014 19 34 14 0.69 
27 03 2014 19 34 15 0.17 
27 03 2014 19 34 16 0.22 
27 03 2014 19 34 17 0.21 
27 03 2014 19 34 17 0.00 
27 03 2014 19 34 18 0.07 
27 03 2014 19 34 19 0.28 
27 03 2014 19 34 19 0.05 
27 03 2014 19 34 19 0.10 
27 03 2014 19 34 20 0.21 
27 03 2014 19 34 20 0.39 
27 03 2014 19 34 21 0.56 
27 03 2014 19 34 21 0.52 
27 03 2014 19 34 22 0.51 
27 03 2014 19 34 23 0.13 
27 03 2014 19 34 25 0.00 
27 03 2014 19 34 25 0.32 
27 03 2014 19 34 28 0.61 
27 03 2014 19 34 33 0.06 
27 03 2014 19 34 36 0.46 
27 03 2014 19 34 37 0.22 
27 03 2014 19 34 39 0.59 
27 03 2014 19 34 40 0.00 
27 03 2014 19 34 43 0.41 
27 03 2014 19 34 44 0.20 
27 03 2014 19 34 45 0.18 
27 03 2014 19 34 46 0.42 
27 03 2014 19 34 47 0.08 
27 03 2014 19 34 48 0.27 
27 03 2014 19 34 48 0.25 
27 03 2014 19 34 49 0.31 
27 03 2014 19 34 50 0.17 
27 03 2014 19 34 51 0.00 
27 03 2014 19 34 51 0.08 
27 03 2014 19 34 51 0.68 
27 03 2014 19 34 52 0.11 
27 03 2014 19 34 52 0.80 
27 03 2014 19 34 53 0.71 
27 03 2014 19 34 53 0.12 
27 03 2014 19 34 54 0.44 
27 03 2014 19 34 55 0.25 
27 03 2014 19 34 55 0.07 
27 03 2014 19 34 56 0.14 
27 03 2014 19 34 57 0.14 
27 03 2014 19 34 59 0.25 
27 03 2014 19 34 59 0.10 
27 03 2014 19 34 59 0.15 
27 03 2014 19 35 01 0.09 
27 03 2014 19 35 01 0.22 
27 03 2014 19 35 02 0.07 
27 03 2014 19 35 02 0.53 
27 03 2014 19 35 03 0.08 
27 03 2014 19 35 04 0.39 
27 03 2014 19 35 05 0.05 
27 03 2014 19 35 07 0.58 
27 03 2014 19 35 08 0.49 
27 03 2014 19 35 10 0.92 
27 03 2014 19 35 12 0.12 
27 03 2014 19 35 13 0.08 
27 03 2014 19 35 14 0.52 
27 03 2014 19 35 14 0.11 
27 03 2014 19 35 15 0.27 
27 03 2014 19 35 16 0.08 
27 03 2014 19 35 17 0.34 
27 03 2014 19 35 18 0.12 
27 03 2014 19 35 24 0.12 
27 03 2014 19 35 25 0.27 
27 03 2014 19 35 25 0.06 
27 03 2014 19 35 25 0.16 
27 03 2014 19 35 27 0.33 
27 03 2014 19 35 29 0.37 
27 03 2014 19 35 30 0.21 
27 03 2014 19 35 31 0.00 
27 03 2014 19 35 33 1.11 
27 03 2014 19 35 33 0.09 
27 03 2014 19 35 33 0.42 
27 03 2014 19 35 36 0.09 
27 03 2014 19 35 38 0.60 
27 03 2014 19 35 38 0.30 
27 03 2014 19 35 40 0.13 
27 03 2014 19 35 41 0.06 
27 03 2014 19 35 41 0.76 
27 03 2014 19 35 41 0.60 
27 03 2014 19 35 41 0.09 
27 03 2014 19 35 42 0.05 
27 03 2014 19 35 43 0.46 
27 03 2014 19 35 43 0.09 
27 03 2014 19 35 44 0.07 
27 03 2014 19 35 45 0.05 
27 03 2014 19 35 45 0.10 
27 03 2014 19 35 46 2.62 
27 03 2014 19 35 47 0.11 
27 03 2014 19 35 48 0.06 
27 03 2014 19 35 48 0.27 
27 03 2014 19 35 49 0.12 
27 03 2014 19 35 50 0.09 
27 03 2014 19 35 51 0.26 
27 03 2014 19 35 51 0.29 
27 03 2014 19 35 52 0.12 
27 03 2014 19 35 52 0.05 
27 03 2014 19 35 53 0.69 
27 03 2014 19 35 53 0.69 
27 03 2014 19 35 54 0.65 
27 03 2014 19 35 54 0.18 
27 03 2014 19 35 55 0.75 
27 03 2014 19 35 55 0.69 
27 03 2014 19 35 58 0.00 
27 03 2014 19 35 58 0.06 
27 03 2014 19 35 59 1.59 
27 03 2014 19 36 00 0.19 
27 03 2014 19 36 00 1.73 
27 03 2014 19 36 05 0.83 
27 03 2014 19 36 05 0.06 
27 03 2014 19 36 06 0.71 
27 03 2014 19 36 07 0.23 
27 03 2014 19 36 07 0.42 
27 03 2014 19 36 09 0.06 
27 03 2014 19 36 10 0.11 
27 03 2014 19 36 11 0.48 
27 03 2014 19 36 11 0.28 
27 03 2014 19 36 14 0.44 
27 03 2014 19 36 14 0.15 
27 03 2014 19 36 15 0.62 
27 03 2014 19 36 15 0.19 
27 03 2014 19 36 17 0.31 
27 03 2014 19 36 17 0.07 
27 03 2014 19 36 17 0.54 
27 03 2014 19 36 18 0.09 
27 03 2014 19 36 18 0.29 
27 03 2014 19 36 19 0.54 
27 03 2014 19 36 20 0.16 
27 03 2014 19 36 20 2.44 
27 03 2014 19 36 20 1.20 
27 03 2014 19 36 22 0.07 
27 03 2014 19 36 23 0.09 
27 03 2014 19 36 24 0.55 
27 03 2014 19 36 24 0.13 
27 03 2014 19 36 25 0.50 
27 03 2014 19 36 26 0.05 
27 03 2014 19 36 27 0.74 
27 03 2014 19 36 27 0.25 
27 03 2014 19 36 27 0.08 
27 03 2014 19 36 28 0.18 
27 03 2014 19 36 28 0.34 
27 03 2014 19 36 29 0.44 
27 03 2014 19 36 29 0.51 
27 03 2014 19 36 30 0.13 
27 03 2014 19 36 30 0.51 
27 03 2014 19 36 30 0.10 
27 03 2014 19 36 32 0.07 
27 03 2014 19 36 32 0.56 
27 03 2014 19 36 33 0.05 
27 03 2014 19 36 33 0.08 
27 03 2014 19 36 33 0.06 
27 03 2014 19 36 33 0.09 
27 03 2014 19 36 33 0.07 
27 03 2014 19 36 34 0.54 
27 03 2014 19 36 35 1.50 
27 03 2014 19 36 36 0.16 
27 03 2014 19 36 36 0.16 
27 03 2014 19 36 40 0.23 
27 03 2014 19 36 40 0.10 
27 03 2014 19 36 44 0.07 
27 03 2014 19 36 46 0.07 
27 03 2014 19 36 46 0.17 
27 03 2014 19 36 47 0.08 
27 03 2014 19 36 47 0.27 
27 03 2014 19 36 47 0.15 
27 03 2014 19 36 50 0.44 
27 03 2014 19 36 50 0.07 
27 03 2014 19 36 52 0.13 
27 03 2014 19 36 52 0.26 
27 03 2014 19 36 53 0.00 
27 03 2014 19 36 54 0.05 
27 03 2014 19 36 55 0.09 
27 03 2014 19 36 57 0.05 
27 03 2014 19 36 58 0.29 
27 03 2014 19 36 59 0.11 
27 03 2014 19 36 59 0.06 
27 03 2014 19 37 00 0.25 
27 03 2014 19 37 00 0.07 
27 03 2014 19 37 02 0.07 
27 03 2014 19 37 03 1.41 
27 03 2014 19 37 03 0.13 
27 03 2014 19 37 04 0.15 
27 03 2014 19 37 06 2.99 
27 03 2014 19 37 06 0.23 
27 03 2014 19 37 08 0.14 
27 03 2014 19 37 09 0.11 
27 03 2014 19 37 09 0.19 
27 03 2014 19 37 10 0.12 
27 03 2014 19 37 11 0.15 
27 03 2014 19 37 11 0.47 
27 03 2014 19 37 13 0.00 
27 03 2014 19 37 14 1.18 
27 03 2014 19 37 16 0.06 
27 03 2014 19 37 20 0.07 
27 03 2014 19 37 21 0.57 
27 03 2014 19 37 21 0.56 
27 03 2014 19 37 22 0.32 
27 03 2014 19 37 23 2.15 
27 03 2014 19 37 25 0.11 
27 03 2014 19 37 26 0.17 
27 03 2014 19 37 26 0.15 
27 03 2014 19 37 27 0.12 
27 03 2014 19 37 27 0.22 
27 03 2014 19 37 28 0.12 
27 03 2014 19 37 28 0.13 
27 03 2014 19 37 29 0.14 
27 03 2014 19 37 29 0.28 
27 03 2014 19 37 30 0.06 
27 03 2014 19 37 31 0.25 
27 03 2014 19 37 31 0.41 
27 03 2014 19 37 32 0.08 
27 03 2014 19 37 32 0.40 
27 03 2014 19 37 34 0.36 
27 03 2014 19 37 36 0.14 
27 03 2014 19 37 36 0.09 
27 03 2014 19 37 36 0.43 
27 03 2014 19 37 39 0.31 
27 03 2014 19 37 42 0.19 
27 03 2014 19 37 42 0.42 
27 03 2014 19 37 53 0.15 
27 03 2014 19 38 01 0.06 
27 03 2014 19 38 10 0.31 
27 03 2014 19 38 11 0.06 
27 03 2014 19 38 11 0.74 
27 03 2014 19 38 16 0.36 
27 03 2014 19 38 22 0.05 
27 03 2014 19 38 23 0.08 
27 03 2014 19 38 25 0.08 
27 03 2014 19 38 28 0.35 
27 03 2014 19 38 29 0.15 
27 03 2014 19 38 32 0.30 
27 03 2014 19 38 33 0.72 
27 03 2014 19 38 36 0.39 
27 03 2014 19 38 37 0.55 
27 03 2014 19 38 37 0.09 
27 03 2014 19 38 39 0.50 
27 03 2014 19 38 39 0.10 
27 03 2014 19 38 39 0.38 
27 03 2014 19 38 41 0.08 
27 03 2014 19 38 41 0.11 
27 03 2014 19 38 43 0.35 
27 03 2014 19 38 43 0.48 
27 03 2014 19 38 47 0.08 
27 03 2014 19 38 49 0.50 
27 03 2014 19 38 49 0.38 
27 03 2014 19 38 50 0.09 
27 03 2014 19 38 51 0.35 
27 03 2014 19 38 52 0.22 
27 03 2014 19 38 55 0.37 
27 03 2014 19 38 55 0.12 
27 03 2014 19 39 01 0.53 
27 03 2014 19 39 02 0.00 
27 03 2014 19 39 03 0.33 
27 03 2014 19 39 03 0.00 
27 03 2014 19 39 05 0.12 
27 03 2014 19 39 05 0.14 
27 03 2014 19 39 07 0.14 
27 03 2014 19 39 09 0.23 
27 03 2014 19 39 10 0.36 
27 03 2014 19 39 10 0.40 
27 03 2014 19 39 10 0.15 
27 03 2014 19 39 10 0.27 
27 03 2014 19 39 11 0.18 
27 03 2014 19 39 11 0.26 
27 03 2014 19 39 13 0.09 
27 03 2014 19 39 14 0.44 
27 03 2014 19 39 15 0.09 
27 03 2014 19 39 15 0.15 
27 03 2014 19 39 17 0.59 
27 03 2014 19 39 18 0.54 
27 03 2014 19 39 20 0.49 
27 03 2014 19 39 20 0.15 
27 03 2014 19 39 23 0.45 
27 03 2014 19 39 24 0.34 
27 03 2014 19 39 24 0.09 
27 03 2014 19 39 26 0.07 
27 03 2014 19 39 28 0.22 
27 03 2014 19 39 29 0.25 
27 03 2014 19 39 29 0.07 
27 03 2014 19 39 30 0.14 
27 03 2014 19 39 30 0.21 
27 03 2014 19 39 31 0.22 
27 03 2014 19 39 32 0.14 
27 03 2014 19 39 32 1.12 
27 03 2014 19 39 33 0.14 
27 03 2014 19 39 34 0.11 
27 03 2014 19 39 35 0.07 
27 03 2014 19 39 35 0.14 
27 03 2014 19 39 36 0.00 
27 03 2014 19 39 37 0.08 
27 03 2014 19 39 38 0.24 
27 03 2014 19 39 38 0.07 
27 03 2014 19 39 38 0.21 
27 03 2014 19 39 38 0.86 
27 03 2014 19 39 39 1.69 
27 03 2014 19 39 41 0.19 
27 03 2014 19 39 41 0.24 
27 03 2014 19 39 44 0.08 
27 03 2014 19 39 45 0.31 
27 03 2014 19 39 46 1.16 
27 03 2014 19 39 50 0.36 
27 03 2014 19 39 51 0.08 
27 03 2014 19 39 51 0.09 
27 03 2014 19 39 53 0.70 
27 03 2014 19 39 55 0.37 
27 03 2014 19 39 55 1.00 
27 03 2014 19 39 55 1.66 
27 03 2014 19 39 55 0.07 
27 03 2014 19 39 55 0.45 
27 03 2014 19 39 56 0.05 
27 03 2014 19 39 58 0.85 
27 03 2014 19 39 59 0.46 
27 03 2014 19 40 00 0.56 
27 03 2014 19 40 00 0.09 
27 03 2014 19 40 01 0.14 
27 03 2014 19 40 02 0.21 
27 03 2014 19 40 02 0.61 
27 03 2014 19 40 02 0.10 
27 03 2014 19 40 03 0.13 
27 03 2014 19 40 03 0.10 
27 03 2014 19 40 03 0.25 
27 03 2014 19 40 04 0.10 
27 03 2014 19 40 04 0.14 
27 03 2014 19 40 05 0.07 
27 03 2014 19 40 06 0.06 
27 03 2014 19 40 06 0.06 
27 03 2014 19 40 07 0.23 
27 03 2014 19 40 08 0.28 
27 03 2014 19 40 09 0.09 
27 03 2014 19 40 09 0.37 
27 03 2014 19 40 10 0.16 
27 03 2014 19 40 13 0.68 
27 03 2014 19 40 14 0.14 
27 03 2014 19 40 14 0.27 
27 03 2014 19 40 14 0.95 
27 03 2014 19 40 14 0.06 
27 03 2014 19 40 15 0.76 
27 03 2014 19 40 15 0.07 
27 03 2014 19 40 17 0.26 
27 03 2014 19 40 17 0.25 
27 03 2014 19 40 18 0.17 
27 03 2014 19 40 18 0.09 
27 03 2014 19 40 18 0.11 
27 03 2014 19 40 19 0.12 
27 03 2014 19 40 19 0.54 
27 03 2014 19 40 20 0.11 
27 03 2014 19 40 21 0.09 
27 03 2014 19 40 25 0.07 
27 03 2014 19 40 25 0.56 
27 03 2014 19 40 25 0.20 
27 03 2014 19 40 26 0.17 
27 03 2014 19 40 26 0.20 
27 03 2014 19 40 29 0.11 
27 03 2014 19 40 30 0.18 
27 03 2014 19 40 31 0.16 
27 03 2014 19 40 32 0.27 
27 03 2014 19 40 33 0.19 
27 03 2014 19 40 33 0.19 
27 03 2014 19 40 33 0.21 
27 03 2014 19 40 34 0.07 
27 03 2014 19 40 34 0.14 
27 03 2014 19 40 34 0.11 
27 03 2014 19 40 34 0.08 
27 03 2014 19 40 34 0.62 
27 03 2014 19 40 34 0.42 
27 03 2014 19 40 34 0.54 
27 03 2014 19 40 38 0.09 
27 03 2014 19 40 40 0.30 
27 03 2014 19 40 41 0.34 
27 03 2014 19 40 41 0.23 
27 03 2014 19 40 41 0.16 
27 03 2014 19 40 41 0.21 
27 03 2014 19 40 42 0.11 
27 03 2014 19 40 42 0.11 
27 03 2014 19 40 42 0.10 
27 03 2014 19 40 43 0.28 
27 03 2014 19 40 43 0.17 
27 03 2014 19 40 44 0.07 
27 03 2014 19 40 44 0.63 
27 03 2014 19 40 45 0.25 
27 03 2014 19 40 45 0.21 
27 03 2014 19 40 47 0.10 
27 03 2014 19 40 48 0.45 
27 03 2014 19 40 49 0.31 
27 03 2014 19 40 50 0.56 
27 03 2014 19 40 50 1.58 
27 03 2014 19 40 50 0.36 
27 03 2014 19 40 52 0.00 
27 03 2014 19 40 52 0.31 
27 03 2014 19 40 53 0.14 
27 03 2014 19 40 54 0.53 
27 03 2014 19 40 54 0.27 
27 03 2014 19 40 55 0.22 
27 03 2014 19 40 56 0.66 
27 03 2014 19 40 56 0.74 
27 03 2014 19 40 56 0.08 
27 03 2014 19 40 57 0.09 
27 03 2014 19 40 57 0.46 
27 03 2014 19 40 58 0.94 
27 03 2014 19 40 58 0.15 
27 03 2014 19 40 58 0.06 
27 03 2014 19 40 58 0.11 
27 03 2014 19 40 59 0.50 
27 03 2014 19 40 59 0.16 
27 03 2014 19 40 59 0.40 
27 03 2014 19 41 00 0.37 
27 03 2014 19 41 00 0.08 
27 03 2014 19 41 04 0.14 
27 03 2014 19 41 04 0.11 
27 03 2014 19 41 06 0.10 
27 03 2014 19 41 07 0.05 
27 03 2014 19 41 08 1.36 
27 03 2014 19 41 08 0.13 
27 03 2014 19 41 08 0.10 
27 03 2014 19 41 09 1.34 
27 03 2014 19 41 10 0.26 
27 03 2014 19 41 10 0.44 
27 03 2014 19 41 11 0.13 
27 03 2014 19 41 12 0.30 
27 03 2014 19 41 13 0.10 
27 03 2014 19 41 16 0.09 
27 03 2014 19 41 16 0.13 
27 03 2014 19 41 17 0.08 
27 03 2014 19 41 19 0.13 
27 03 2014 19 41 20 0.11 
27 03 2014 19 41 21 0.07 
27 03 2014 19 41 23 0.13 
27 03 2014 19 41 26 0.18 
27 03 2014 19 41 26 0.34 
27 03 2014 19 41 26 0.29 
27 03 2014 19 41 31 0.13 
27 03 2014 19 41 31 0.21 
27 03 2014 19 41 33 0.14 
27 03 2014 19 41 34 0.05 
27 03 2014 19 41 35 0.18 
27 03 2014 19 41 36 0.06 
27 03 2014 19 41 38 0.72 
27 03 2014 19 41 39 0.06 
27 03 2014 19 41 43 0.13 
27 03 2014 19 41 44 0.64 
27 03 2014 19 41 46 0.33 
27 03 2014 19 41 55 0.19 
27 03 2014 19 41 57 0.09 
27 03 2014 19 41 59 0.38 
27 03 2014 19 41 59 0.80 
27 03 2014 19 42 00 0.50 
27 03 2014 19 42 01 0.21 
27 03 2014 19 42 03 0.10 
27 03 2014 19 42 05 0.15 
27 03 2014 19 42 05 0.09 
27 03 2014 19 42 09 0.32 
27 03 2014 19 42 09 0.19 
27 03 2014 19 42 11 0.09 
27 03 2014 19 42 11 0.15 
27 03 2014 19 42 12 0.38 
27 03 2014 19 42 13 0.05 
27 03 2014 19 42 13 0.08 
27 03 2014 19 42 14 0.08 
27 03 2014 19 42 15 0.10 
27 03 2014 19 42 16 0.21 
27 03 2014 19 42 16 0.22 
27 03 2014 19 42 19 0.08 
27 03 2014 19 42 20 0.09 
27 03 2014 19 42 21 0.11 
27 03 2014 19 42 21 0.76 
27 03 2014 19 42 22 0.64 
27 03 2014 19 42 22 0.61 
27 03 2014 19 42 23 0.05 
27 03 2014 19 42 24 0.21 
27 03 2014 19 42 25 0.16 
27 03 2014 19 42 27 0.20 
27 03 2014 19 42 29 0.57 
27 03 2014 19 42 29 0.05 
27 03 2014 19 42 31 0.18 
27 03 2014 19 42 31 0.23 
27 03 2014 19 42 33 0.11 
27 03 2014 19 42 34 0.19 
27 03 2014 19 42 35 0.20 
27 03 2014 19 42 36 0.07 
27 03 2014 19 42 38 0.07 
27 03 2014 19 42 46 0.11 
27 03 2014 19 42 48 0.11 
27 03 2014 19 42 50 0.18 
27 03 2014 19 42 55 0.32 
27 03 2014 19 43 00 0.07 
27 03 2014 19 43 06 0.05 
27 03 2014 19 43 09 0.16 
27 03 2014 19 43 18 0.16 
27 03 2014 19 43 20 0.09 
27 03 2014 19 43 23 0.09 
27 03 2014 19 43 24 0.15 
27 03 2014 19 43 25 0.05 
27 03 2014 19 43 27 0.08 
27 03 2014 19 43 28 0.10 
27 03 2014 19 43 31 0.08 
27 03 2014 19 43 38 0.08 
27 03 2014 19 43 43 0.12 
27 03 2014 19 43 46 0.20 
27 03 2014 19 43 49 0.21 
27 03 2014 19 43 49 0.07 
27 03 2014 19 43 53 0.16 
27 03 2014 19 43 55 0.09 
27 03 2014 19 43 56 0.32 
27 03 2014 19 43 57 0.17 
27 03 2014 19 43 58 0.14 
27 03 2014 19 44 01 0.08 
27 03 2014 19 44 02 0.08 
27 03 2014 19 44 02 0.09 
27 03 2014 19 44 03 0.11 
27 03 2014 19 44 07 0.09 
27 03 2014 19 44 07 0.08 
27 03 2014 19 44 07 0.20 
27 03 2014 19 44 08 0.06 
27 03 2014 19 44 10 0.32 
27 03 2014 19 44 10 0.07 
27 03 2014 19 44 24 0.06 
27 03 2014 19 44 29 0.15 
27 03 2014 19 44 33 0.15 
27 03 2014 19 44 40 0.21 
27 03 2014 19 44 43 0.08 
27 03 2014 19 44 43 0.08 
27 03 2014 19 44 43 0.07 
27 03 2014 19 44 54 0.06 
27 03 2014 19 44 56 0.06 
27 03 2014 19 44 58 0.11 
27 03 2014 19 45 06 0.05 
27 03 2014 19 45 14 0.06 
27 03 2014 19 45 19 0.05 
27 03 2014 19 45 19 0.06 
27 03 2014 19 45 20 0.08 
27 03 2014 19 45 30 0.05 
27 03 2014 19 45 35 0.08 
27 03 2014 19 46 04 0.05 
27 03 2014 19 46 09 0.05 
27 03 2014 19 53 10 0.20 
27 03 2014 19 53 14 0.08 
27 03 2014 19 53 22 0.11 
27 03 2014 19 53 23 0.08 
27 03 2014 19 53 31 0.16 
27 03 2014 19 53 31 0.13 
27 03 2014 19 54 29 0.05 
27 03 2014 19 54 40 0.07 
27 03 2014 19 54 41 0.05 
27 03 2014 19 54 54 0.11 
27 03 2014 19 55 29 0.12 
27 03 2014 19 56 28 0.05 
27 03 2014 19 57 04 0.35 
27 03 2014 19 58 05 0.05 
27 03 2014 19 58 10 0.18 
27 03 2014 19 58 35 0.09 
27 03 2014 19 58 38 0.10 
27 03 2014 20 01 22 0.05 
27 03 2014 20 01 23 0.08 
27 03 2014 20 01 23 0.10 
27 03 2014 20 03 11 0.09 
27 03 2014 20 03 41 0.14 
27 03 2014 20 03 51 0.07 
27 03 2014 20 03 55 0.05 
27 03 2014 20 03 59 0.24 
27 03 2014 20 04 13 0.11 
27 03 2014 20 04 16 0.08 
27 03 2014 20 04 19 0.13 
27 03 2014 20 04 19 0.08 
27 03 2014 20 04 24 0.10 
27 03 2014 20 04 29 0.15 
27 03 2014 20 04 30 0.23 
27 03 2014 20 04 31 0.10 
27 03 2014 20 04 31 0.13 
27 03 2014 20 04 33 0.06 
27 03 2014 20 04 34 0.12 
27 03 2014 20 04 34 0.16 
27 03 2014 20 04 36 0.13 
27 03 2014 20 04 37 0.10 
27 03 2014 20 04 38 0.05 
27 03 2014 20 04 39 0.06 
27 03 2014 20 04 46 0.09 
27 03 2014 20 04 48 0.12 
27 03 2014 20 04 49 0.06 
27 03 2014 20 04 54 0.16 
27 03 2014 20 04 55 0.10 
27 03 2014 20 04 55 0.08 
27 03 2014 20 04 58 0.09 
27 03 2014 20 04 59 0.05 
27 03 2014 20 05 03 0.11 
27 03 2014 20 05 03 0.05 
27 03 2014 20 05 07 0.06 
27 03 2014 20 05 14 0.05 
27 03 2014 20 05 19 0.06 
27 03 2014 20 05 19 0.06 
27 03 2014 20 05 20 0.19 
27 03 2014 20 05 21 0.09 
27 03 2014 20 05 22 0.16 
27 03 2014 20 05 22 0.07 
27 03 2014 20 05 22 0.13 
27 03 2014 20 05 25 0.05 
27 03 2014 20 05 27 0.21 
27 03 2014 20 05 27 0.11 
27 03 2014 20 05 28 0.07 
27 03 2014 20 05 30 0.24 
27 03 2014 20 05 32 0.05 
27 03 2014 20 05 34 0.22 
27 03 2014 20 05 36 0.05 
27 03 2014 20 05 37 0.07 
27 03 2014 20 05 39 0.05 
27 03 2014 20 05 40 0.12 
27 03 2014 20 05 42 0.07 
27 03 2014 20 05 43 0.06 
27 03 2014 20 05 44 0.12 
27 03 2014 20 05 47 0.07 
27 03 2014 20 05 50 0.13 
27 03 2014 20 05 50 0.06 
27 03 2014 20 05 54 0.18 
27 03 2014 20 05 54 0.06 
27 03 2014 20 05 57 0.15 
27 03 2014 20 05 57 0.05 
27 03 2014 20 06 00 0.08 
27 03 2014 20 06 03 0.18 
27 03 2014 20 06 04 0.05 
27 03 2014 20 06 05 0.11 
27 03 2014 20 06 09 0.08 
27 03 2014 20 06 09 0.22 
27 03 2014 20 06 10 0.24 
27 03 2014 20 06 11 0.07 
27 03 2014 20 06 17 0.05 
27 03 2014 20 06 18 0.05 
27 03 2014 20 06 19 0.24 
27 03 2014 20 06 19 0.25 
27 03 2014 20 06 21 0.08 
27 03 2014 20 06 21 0.11 
27 03 2014 20 06 22 0.10 
27 03 2014 20 06 29 0.10 
27 03 2014 20 06 31 0.38 
27 03 2014 20 06 31 0.07 
27 03 2014 20 06 32 0.18 
27 03 2014 20 06 34 0.16 
27 03 2014 20 06 37 0.10 
27 03 2014 20 06 37 0.06 
27 03 2014 20 06 38 0.14 
27 03 2014 20 06 41 0.12 
27 03 2014 20 06 42 0.11 
27 03 2014 20 06 42 0.23 
27 03 2014 20 06 45 0.06 
27 03 2014 20 06 45 0.07 
27 03 2014 20 06 47 0.07 
27 03 2014 20 06 47 0.07 
27 03 2014 20 06 52 0.05 
27 03 2014 20 06 53 0.06 
27 03 2014 20 06 53 0.09 
27 03 2014 20 06 55 0.06 
27 03 2014 20 06 57 0.17 
27 03 2014 20 07 01 0.13 
27 03 2014 20 07 04 0.06 
27 03 2014 20 07 05 0.05 
27 03 2014 20 07 05 0.09 
27 03 2014 20 07 10 0.05 
27 03 2014 20 07 11 0.12 
27 03 2014 20 07 13 0.09 
27 03 2014 20 07 13 0.12 
27 03 2014 20 07 15 0.00 
27 03 2014 20 07 15 0.29 
27 03 2014 20 07 15 0.06 
27 03 2014 20 07 15 0.06 
27 03 2014 20 07 16 0.21 
27 03 2014 20 07 18 0.25 
27 03 2014 20 07 23 0.08 
27 03 2014 20 07 27 0.16 
27 03 2014 20 07 35 0.09 
27 03 2014 20 07 39 0.06 
27 03 2014 20 07 41 0.07 
27 03 2014 20 07 42 0.09 
27 03 2014 20 07 43 0.08 
27 03 2014 20 07 51 0.10 
27 03 2014 20 07 55 0.09 
27 03 2014 20 07 55 0.06 
27 03 2014 20 07 55 0.05 
27 03 2014 20 07 57 0.06 
27 03 2014 20 07 58 0.07 
27 03 2014 20 08 00 0.15 
27 03 2014 20 08 01 0.08 
27 03 2014 20 08 05 0.16 
27 03 2014 20 08 06 0.06 
27 03 2014 20 08 09 0.38 
27 03 2014 20 08 10 0.06 
27 03 2014 20 08 11 0.16 
27 03 2014 20 08 12 0.05 
27 03 2014 20 08 12 0.06 
27 03 2014 20 08 15 0.13 
27 03 2014 20 08 17 0.17 
27 03 2014 20 08 18 0.10 
27 03 2014 20 08 20 0.05 
27 03 2014 20 08 50 0.09 
27 03 2014 20 09 04 0.11 
27 03 2014 20 09 19 0.10 
27 03 2014 20 09 37 0.07 
27 03 2014 20 09 39 0.10 
27 03 2014 20 09 52 0.06 
27 03 2014 20 10 00 0.05 
27 03 2014 20 10 02 0.09 
27 03 2014 20 10 09 0.32 
27 03 2014 20 10 17 0.00 
27 03 2014 20 10 17 0.06 
27 03 2014 20 10 23 0.15 
27 03 2014 20 10 27 0.07 
27 03 2014 20 10 35 0.16 
27 03 2014 20 10 37 0.12 
27 03 2014 20 10 41 0.06 
27 03 2014 20 10 42 0.05 
27 03 2014 20 10 44 0.06 
27 03 2014 20 10 49 0.05 
27 03 2014 20 10 51 0.00 
27 03 2014 20 10 54 0.17 
27 03 2014 20 10 56 0.05 
27 03 2014 20 11 02 0.23 
27 03 2014 20 11 02 0.08 
27 03 2014 20 11 03 0.27 
27 03 2014 20 11 14 0.06 
27 03 2014 20 11 21 0.05 
27 03 2014 20 11 33 0.07 
27 03 2014 20 11 34 0.05 
27 03 2014 20 11 36 0.10 
27 03 2014 20 11 47 0.09 
27 03 2014 20 11 47 0.10 
27 03 2014 20 11 48 0.13 
27 03 2014 20 11 53 0.07 
27 03 2014 20 12 07 0.13 
27 03 2014 20 12 13 0.05 
27 03 2014 20 12 15 0.13 
27 03 2014 20 12 16 0.12 
27 03 2014 20 12 24 0.12 
27 03 2014 20 12 28 0.20 
27 03 2014 20 12 38 0.05 
27 03 2014 20 12 51 0.05 
27 03 2014 20 12 57 0.07 
27 03 2014 20 13 49 0.06 
27 03 2014 20 14 05 0.05 
27 03 2014 20 14 10 0.09 
27 03 2014 20 15 24 0.10 
27 03 2014 20 15 26 0.12 
27 03 2014 20 15 41 0.07 
27 03 2014 20 15 57 0.06 
27 03 2014 20 15 58 0.05 
27 03 2014 20 16 34 0.06 
27 03 2014 20 16 47 0.07 
27 03 2014 20 18 32 0.07 
27 03 2014 20 20 43 0.06 
27 03 2014 20 22 18 0.08 
27 03 2014 20 22 23 0.13 
27 03 2014 20 22 25 0.05 
27 03 2014 20 22 41 0.06 
27 03 2014 20 22 54 0.05 
27 03 2014 20 23 59 0.09 
27 03 2014 20 24 21 0.13 
27 03 2014 20 24 38 0.05 
27 03 2014 20 24 43 0.30 
27 03 2014 20 24 45 0.13 
27 03 2014 20 25 23 0.05 
27 03 2014 20 25 48 0.06 
27 03 2014 20 26 07 0.21 
27 03 2014 20 26 37 0.59 
27 03 2014 20 26 37 0.51 
27 03 2014 20 26 41 0.13 
27 03 2014 20 26 44 0.15 
27 03 2014 20 26 47 0.11 
27 03 2014 20 27 04 0.00 
27 03 2014 20 27 16 0.67 
27 03 2014 20 27 18 0.05 
27 03 2014 20 27 22 0.12 
27 03 2014 20 27 29 0.08 
27 03 2014 20 27 45 0.37 
27 03 2014 20 27 48 0.09 
27 03 2014 20 27 49 0.14 
27 03 2014 20 27 59 0.25 
27 03 2014 20 28 01 0.22 
27 03 2014 20 28 01 0.24 
27 03 2014 20 28 11 0.69 
27 03 2014 20 28 13 0.15 
27 03 2014 20 28 17 0.25 
27 03 2014 20 28 22 0.10 
27 03 2014 20 28 25 0.15 
27 03 2014 20 28 28 0.10 
27 03 2014 20 28 28 0.34 
27 03 2014 20 28 39 0.50 
27 03 2014 20 28 40 0.06 
27 03 2014 20 28 55 0.21 
27 03 2014 20 28 58 0.10 
27 03 2014 20 29 11 0.26 
27 03 2014 20 29 18 0.31 
27 03 2014 20 29 25 0.31 
27 03 2014 20 29 26 0.17 
27 03 2014 20 29 30 0.32 
27 03 2014 20 29 33 0.06 
27 03 2014 20 29 34 0.21 
27 03 2014 20 29 34 0.13 
27 03 2014 20 29 35 0.15 
27 03 2014 20 29 39 0.59 
27 03 2014 20 29 40 0.21 
27 03 2014 20 29 41 0.13 
27 03 2014 20 29 41 0.11 
27 03 2014 20 29 42 0.28 
27 03 2014 20 29 42 0.13 
27 03 2014 20 29 48 0.27 
27 03 2014 20 29 53 0.19 
27 03 2014 20 29 54 0.08 
27 03 2014 20 30 01 0.14 
27 03 2014 20 30 07 0.06 
27 03 2014 20 30 09 0.13 
27 03 2014 20 30 14 0.14 
27 03 2014 20 30 15 0.17 
27 03 2014 20 30 15 0.29 
27 03 2014 20 30 16 0.08 
27 03 2014 20 30 19 0.22 
27 03 2014 20 30 22 0.00 
27 03 2014 20 30 24 0.14 
27 03 2014 20 30 25 0.07 
27 03 2014 20 30 26 0.01 
27 03 2014 20 30 30 0.11 
27 03 2014 20 30 30 0.17 
27 03 2014 20 30 37 0.05 
27 03 2014 20 30 40 0.06 
27 03 2014 20 30 41 0.10 
27 03 2014 20 30 45 0.14 
27 03 2014 20 30 45 0.19 
27 03 2014 20 30 47 0.06 
27 03 2014 20 30 53 0.06 
27 03 2014 20 31 04 0.10 
27 03 2014 20 31 05 0.17 
27 03 2014 20 31 06 0.06 
27 03 2014 20 31 09 0.08 
27 03 2014 20 31 22 0.05 
27 03 2014 20 31 30 0.06 
27 03 2014 20 31 35 0.07 
27 03 2014 20 31 36 0.10 
27 03 2014 20 31 42 0.12 
27 03 2014 20 31 48 0.06 
27 03 2014 20 31 51 0.05 
27 03 2014 20 32 00 0.07 
27 03 2014 20 32 05 0.05 
27 03 2014 20 32 08 0.15 
27 03 2014 20 32 11 0.24 
27 03 2014 20 32 15 0.12 
27 03 2014 20 32 17 0.10 
27 03 2014 20 32 17 0.33 
27 03 2014 20 32 24 0.05 
27 03 2014 20 32 24 0.05 
27 03 2014 20 32 25 0.14 
27 03 2014 20 32 26 0.15 
27 03 2014 20 32 27 0.21 
27 03 2014 20 32 30 0.18 
27 03 2014 20 32 34 0.08 
27 03 2014 20 32 36 0.07 
27 03 2014 20 32 50 0.26 
27 03 2014 20 32 52 0.07 
27 03 2014 20 32 55 0.06 
27 03 2014 20 33 08 0.07 
27 03 2014 20 33 17 0.40 
27 03 2014 20 33 20 0.07 
27 03 2014 20 33 23 0.20 
27 03 2014 20 33 23 0.12 
27 03 2014 20 33 26 0.00 
27 03 2014 20 33 30 0.21 
27 03 2014 20 33 32 0.15 
27 03 2014 20 33 32 0.08 
27 03 2014 20 33 35 0.07 
27 03 2014 20 33 36 0.16 
27 03 2014 20 33 42 0.13 
27 03 2014 20 33 48 0.25 
27 03 2014 20 33 53 0.15 
27 03 2014 20 33 57 0.14 
27 03 2014 20 33 59 0.18 
27 03 2014 20 34 04 0.11 
27 03 2014 20 34 06 0.19 
27 03 2014 20 34 06 0.07 
27 03 2014 20 34 06 0.08 
27 03 2014 20 34 10 0.16 
27 03 2014 20 34 23 0.09 
27 03 2014 20 34 29 0.07 
27 03 2014 20 34 30 0.21 
27 03 2014 20 34 33 0.09 
27 03 2014 20 34 35 0.13 
27 03 2014 20 34 44 0.24 
27 03 2014 20 34 45 0.23 
27 03 2014 20 34 46 0.12 
27 03 2014 20 34 49 0.10 
27 03 2014 20 34 55 0.10 
27 03 2014 20 34 58 0.28 
27 03 2014 20 35 07 0.12 
27 03 2014 20 35 08 0.09 
27 03 2014 20 35 11 0.06 
27 03 2014 20 35 11 0.19 
27 03 2014 20 35 13 0.12 
27 03 2014 20 35 15 0.09 
27 03 2014 20 35 15 0.07 
27 03 2014 20 35 21 0.06 
27 03 2014 20 35 22 0.09 
27 03 2014 20 35 31 0.11 
27 03 2014 20 35 32 0.07 
27 03 2014 20 35 32 0.05 
27 03 2014 20 35 33 0.09 
27 03 2014 20 35 36 0.05 
27 03 2014 20 35 41 0.10 
27 03 2014 20 35 49 0.06 
27 03 2014 20 35 52 0.18 
27 03 2014 20 35 53 0.27 
27 03 2014 20 35 58 0.12 
27 03 2014 20 36 00 0.05 
27 03 2014 20 36 01 0.05 
27 03 2014 20 36 09 0.07 
27 03 2014 20 36 11 0.11 
27 03 2014 20 36 15 0.05 
27 03 2014 20 36 16 0.21 
27 03 2014 20 36 18 0.08 
27 03 2014 20 36 28 0.13 
27 03 2014 20 36 31 0.21 
27 03 2014 20 36 46 0.17 
27 03 2014 20 37 00 0.62 
27 03 2014 20 37 03 0.10 
27 03 2014 20 37 07 0.06 
27 03 2014 20 37 09 0.10 
27 03 2014 20 37 17 0.05 
27 03 2014 20 37 26 0.06 
27 03 2014 20 37 37 0.05 
27 03 2014 20 37 59 0.00 
27 03 2014 20 38 04 0.05 
27 03 2014 20 38 09 0.11 
27 03 2014 20 38 10 0.05 
27 03 2014 20 38 12 0.07 
27 03 2014 20 38 14 0.24 
27 03 2014 20 38 14 0.33 
27 03 2014 20 38 14 0.05 
27 03 2014 20 38 15 0.07 
27 03 2014 20 38 17 0.15 
27 03 2014 20 38 20 0.52 
27 03 2014 20 38 26 0.05 
27 03 2014 20 38 28 0.17 
27 03 2014 20 38 30 0.21 
27 03 2014 20 38 30 0.08 
27 03 2014 20 38 31 0.11 
27 03 2014 20 38 31 0.19 
27 03 2014 20 38 32 0.11 
27 03 2014 20 38 33 0.17 
27 03 2014 20 38 34 0.07 
27 03 2014 20 38 36 0.07 
27 03 2014 20 38 36 0.08 
27 03 2014 20 38 39 0.12 
27 03 2014 20 38 40 0.07 
27 03 2014 20 38 42 0.13 
27 03 2014 20 38 44 0.31 
27 03 2014 20 38 44 0.19 
27 03 2014 20 38 44 0.19 
27 03 2014 20 38 47 0.57 
27 03 2014 20 38 48 0.08 
27 03 2014 20 38 48 0.23 
27 03 2014 20 38 50 0.30 
27 03 2014 20 38 51 0.12 
27 03 2014 20 38 52 0.09 
27 03 2014 20 38 52 0.07 
27 03 2014 20 38 53 0.07 
27 03 2014 20 38 53 0.17 
27 03 2014 20 38 54 0.07 
27 03 2014 20 38 55 0.27 
27 03 2014 20 38 55 0.18 
27 03 2014 20 38 56 0.11 
27 03 2014 20 38 58 0.18 
27 03 2014 20 39 00 0.10 
27 03 2014 20 39 00 0.05 
27 03 2014 20 39 01 0.22 
27 03 2014 20 39 03 0.14 
27 03 2014 20 39 04 0.10 
27 03 2014 20 39 05 0.12 
27 03 2014 20 39 07 0.13 
27 03 2014 20 39 08 0.06 
27 03 2014 20 39 08 0.27 
27 03 2014 20 39 09 0.06 
27 03 2014 20 39 11 0.07 
27 03 2014 20 39 11 0.11 
27 03 2014 20 39 12 0.06 
27 03 2014 20 39 16 0.11 
27 03 2014 20 39 16 0.11 
27 03 2014 20 39 21 0.06 
27 03 2014 20 39 21 0.11 
27 03 2014 20 39 22 0.17 
27 03 2014 20 39 22 0.00 
27 03 2014 20 39 26 0.05 
27 03 2014 20 39 26 0.11 
27 03 2014 20 39 27 0.15 
27 03 2014 20 39 28 0.15 
27 03 2014 20 39 29 0.14 
27 03 2014 20 39 31 0.05 
27 03 2014 20 39 31 0.41 
27 03 2014 20 39 34 0.12 
27 03 2014 20 39 36 0.11 
27 03 2014 20 39 37 0.13 
27 03 2014 20 39 38 0.41 
27 03 2014 20 39 39 0.08 
27 03 2014 20 39 39 0.09 
27 03 2014 20 39 41 0.06 
27 03 2014 20 39 43 0.08 
27 03 2014 20 39 43 0.13 
27 03 2014 20 39 43 0.09 
27 03 2014 20 39 46 0.36 
27 03 2014 20 39 48 0.19 
27 03 2014 20 39 52 0.07 
27 03 2014 20 39 53 0.12 
27 03 2014 20 39 54 0.18 
27 03 2014 20 39 57 0.10 
27 03 2014 20 39 59 0.06 
27 03 2014 20 40 05 0.09 
27 03 2014 20 40 06 0.08 
27 03 2014 20 40 06 0.27 
27 03 2014 20 40 07 0.05 
27 03 2014 20 40 11 0.13 
27 03 2014 20 40 11 0.05 
27 03 2014 20 40 13 0.10 
27 03 2014 20 40 26 0.07 
27 03 2014 20 40 27 0.10 
27 03 2014 20 40 36 0.07 
27 03 2014 20 40 42 0.15 
27 03 2014 20 40 45 0.07 
27 03 2014 20 40 48 0.08 
27 03 2014 20 40 59 0.05 
27 03 2014 20 41 02 0.12 
27 03 2014 20 41 03 0.05 
27 03 2014 20 41 05 0.19 
27 03 2014 20 41 07 0.06 
27 03 2014 20 41 08 0.21 
27 03 2014 20 41 11 0.06 
27 03 2014 20 41 13 0.10 
27 03 2014 20 41 13 0.05 
27 03 2014 20 41 13 0.36 
27 03 2014 20 41 14 0.31 
27 03 2014 20 41 15 0.05 
27 03 2014 20 41 15 0.17 
27 03 2014 20 41 17 0.20 
27 03 2014 20 41 19 0.11 
27 03 2014 20 41 21 0.14 
27 03 2014 20 41 22 0.08 
27 03 2014 20 41 23 0.29 
27 03 2014 20 41 26 0.31 
27 03 2014 20 41 27 0.14 
27 03 2014 20 41 30 0.21 
27 03 2014 20 41 31 0.31 
27 03 2014 20 41 32 0.05 
27 03 2014 20 41 33 0.17 
27 03 2014 20 41 33 0.18 
27 03 2014 20 41 35 0.06 
27 03 2014 20 41 41 0.05 
27 03 2014 20 41 43 0.08 
27 03 2014 20 41 44 0.06 
27 03 2014 20 41 46 0.09 
27 03 2014 20 41 46 0.10 
27 03 2014 20 41 47 0.06 
27 03 2014 20 41 51 0.11 
27 03 2014 20 41 51 0.06 
27 03 2014 20 41 53 0.14 
27 03 2014 20 41 53 0.12 
27 03 2014 20 41 55 0.07 
27 03 2014 20 41 56 0.05 
27 03 2014 20 41 57 0.37 
27 03 2014 20 41 57 0.00 
27 03 2014 20 42 01 0.27 
27 03 2014 20 42 02 0.12 
27 03 2014 20 42 03 0.06 
27 03 2014 20 42 04 0.20 
27 03 2014 20 42 04 0.05 
27 03 2014 20 42 05 0.06 
27 03 2014 20 42 06 0.46 
27 03 2014 20 42 07 0.23 
27 03 2014 20 42 08 0.17 
27 03 2014 20 42 10 0.16 
27 03 2014 20 42 11 0.05 
27 03 2014 20 42 12 0.09 
27 03 2014 20 42 12 0.10 
27 03 2014 20 42 12 0.59 
27 03 2014 20 42 13 0.11 
27 03 2014 20 42 14 0.19 
27 03 2014 20 42 14 0.09 
27 03 2014 20 42 16 0.08 
27 03 2014 20 42 18 0.12 
27 03 2014 20 42 18 0.07 
27 03 2014 20 42 18 0.29 
27 03 2014 20 42 20 0.56 
27 03 2014 20 42 21 0.06 
27 03 2014 20 42 23 0.18 
27 03 2014 20 42 23 0.51 
27 03 2014 20 42 24 1.17 
27 03 2014 20 42 24 0.23 
27 03 2014 20 42 25 0.14 
27 03 2014 20 42 25 0.12 
27 03 2014 20 42 26 0.09 
27 03 2014 20 42 27 0.16 
27 03 2014 20 42 28 0.36 
27 03 2014 20 42 29 0.07 
27 03 2014 20 42 29 0.25 
27 03 2014 20 42 30 0.10 
27 03 2014 20 42 30 0.10 
27 03 2014 20 42 33 0.06 
27 03 2014 20 42 34 0.21 
27 03 2014 20 42 36 0.11 
27 03 2014 20 42 37 0.08 
27 03 2014 20 42 39 0.08 
27 03 2014 20 42 41 0.06 
27 03 2014 20 42 41 0.00 
27 03 2014 20 42 43 0.10 
27 03 2014 20 42 46 0.13 
27 03 2014 20 42 48 0.21 
27 03 2014 20 42 49 0.17 
27 03 2014 20 42 50 0.11 
27 03 2014 20 42 51 0.05 
27 03 2014 20 42 52 0.18 
27 03 2014 20 42 54 0.05 
27 03 2014 20 43 05 0.22 
27 03 2014 20 43 05 0.16 
27 03 2014 20 43 06 0.08 
27 03 2014 20 43 06 0.17 
27 03 2014 20 43 07 0.07 
27 03 2014 20 43 08 0.27 
27 03 2014 20 43 08 0.05 
27 03 2014 20 43 10 0.18 
27 03 2014 20 43 12 0.16 
27 03 2014 20 43 14 0.00 
27 03 2014 20 43 15 0.05 
27 03 2014 20 43 16 0.08 
27 03 2014 20 43 16 0.84 
27 03 2014 20 43 18 0.10 
27 03 2014 20 43 19 0.23 
27 03 2014 20 43 19 0.22 
27 03 2014 20 43 20 0.07 
27 03 2014 20 43 21 0.15 
27 03 2014 20 43 21 0.09 
27 03 2014 20 43 22 0.10 
27 03 2014 20 43 29 0.31 
27 03 2014 20 43 30 0.26 
27 03 2014 20 43 31 0.22 
27 03 2014 20 43 33 0.56 
27 03 2014 20 43 34 0.09 
27 03 2014 20 43 37 0.09 
27 03 2014 20 43 37 0.05 
27 03 2014 20 43 37 0.09 
27 03 2014 20 43 39 0.25 
27 03 2014 20 43 39 0.17 
27 03 2014 20 43 40 0.31 
27 03 2014 20 43 42 0.18 
27 03 2014 20 43 43 0.41 
27 03 2014 20 43 43 0.07 
27 03 2014 20 43 44 0.14 
27 03 2014 20 43 44 0.25 
27 03 2014 20 43 47 0.12 
27 03 2014 20 43 48 0.12 
27 03 2014 20 43 48 0.14 
27 03 2014 20 43 48 0.17 
27 03 2014 20 43 49 0.05 
27 03 2014 20 43 49 0.11 
27 03 2014 20 43 51 0.25 
27 03 2014 20 43 51 0.10 
27 03 2014 20 43 53 0.12 
27 03 2014 20 43 55 0.07 
27 03 2014 20 43 56 0.08 
27 03 2014 20 43 59 0.16 
27 03 2014 20 44 04 0.53 
27 03 2014 20 44 04 0.10 
27 03 2014 20 44 05 0.14 
27 03 2014 20 44 09 0.11 
27 03 2014 20 44 10 0.18 
27 03 2014 20 44 15 0.05 
27 03 2014 20 44 16 0.20 
27 03 2014 20 44 17 0.63 
27 03 2014 20 44 18 0.62 
27 03 2014 20 44 18 0.18 
27 03 2014 20 44 20 0.16 
27 03 2014 20 44 21 0.05 
27 03 2014 20 44 26 0.05 
27 03 2014 20 44 26 0.10 
27 03 2014 20 44 29 0.31 
27 03 2014 20 44 31 0.07 
27 03 2014 20 44 34 1.05 
27 03 2014 20 44 35 0.06 
27 03 2014 20 44 35 0.17 
27 03 2014 20 44 37 0.13 
27 03 2014 20 44 38 0.14 
27 03 2014 20 44 39 0.58 
27 03 2014 20 44 41 0.66 
27 03 2014 20 44 41 0.29 
27 03 2014 20 44 42 0.45 
27 03 2014 20 44 46 0.46 
27 03 2014 20 44 48 0.37 
27 03 2014 20 44 51 0.27 
27 03 2014 20 44 52 0.17 
27 03 2014 20 44 55 0.11 
27 03 2014 20 44 56 0.08 
27 03 2014 20 44 57 0.24 
27 03 2014 20 44 58 0.16 
27 03 2014 20 44 58 0.15 
27 03 2014 20 44 59 0.26 
27 03 2014 20 44 59 0.09 
27 03 2014 20 44 59 0.17 
27 03 2014 20 45 00 0.08 
27 03 2014 20 45 00 0.13 
27 03 2014 20 45 01 0.06 
27 03 2014 20 45 01 0.00 
27 03 2014 20 45 01 0.10 
27 03 2014 20 45 02 0.07 
27 03 2014 20 45 03 0.48 
27 03 2014 20 45 04 0.34 
27 03 2014 20 45 06 0.08 
27 03 2014 20 45 07 0.08 
27 03 2014 20 45 07 0.06 
27 03 2014 20 45 08 0.17 
27 03 2014 20 45 08 0.10 
27 03 2014 20 45 09 0.34 
27 03 2014 20 45 09 0.22 
27 03 2014 20 45 09 0.08 
27 03 2014 20 45 10 0.16 
27 03 2014 20 45 13 0.24 
27 03 2014 20 45 14 0.36 
27 03 2014 20 45 14 0.32 
27 03 2014 20 45 15 0.05 
27 03 2014 20 45 17 0.25 
27 03 2014 20 45 17 0.07 
27 03 2014 20 45 18 0.22 
27 03 2014 20 45 20 0.07 
27 03 2014 20 45 21 0.08 
27 03 2014 20 45 22 0.06 
27 03 2014 20 45 24 0.42 
27 03 2014 20 45 25 0.10 
27 03 2014 20 45 25 0.39 
27 03 2014 20 45 25 0.17 
27 03 2014 20 45 27 0.19 
27 03 2014 20 45 31 0.19 
27 03 2014 20 45 35 0.05 
27 03 2014 20 45 37 0.45 
27 03 2014 20 45 38 0.27 
27 03 2014 20 45 38 0.06 
27 03 2014 20 45 43 0.07 
27 03 2014 20 45 43 0.24 
27 03 2014 20 45 45 0.09 
27 03 2014 20 45 45 0.00 
27 03 2014 20 45 45 0.25 
27 03 2014 20 45 49 0.07 
27 03 2014 20 45 50 1.66 
27 03 2014 20 45 52 0.32 
27 03 2014 20 45 57 0.20 
27 03 2014 20 45 57 0.25 
27 03 2014 20 46 02 0.11 
27 03 2014 20 46 04 0.11 
27 03 2014 20 46 09 0.01 
27 03 2014 20 46 12 0.42 
27 03 2014 20 46 13 0.06 
27 03 2014 20 46 21 0.19 
27 03 2014 20 46 21 0.17 
27 03 2014 20 46 29 0.08 
27 03 2014 20 46 32 0.08 
27 03 2014 20 46 35 0.05 
27 03 2014 20 46 45 0.20 
27 03 2014 20 46 49 0.06 
27 03 2014 20 46 53 0.05 
27 03 2014 20 47 10 0.06 
27 03 2014 20 47 10 0.06 
27 03 2014 20 47 17 0.05 
27 03 2014 20 47 34 0.07 
27 03 2014 20 49 16 0.15 
27 03 2014 20 49 18 0.21 
27 03 2014 20 49 30 0.07 
27 03 2014 20 49 33 0.07 
27 03 2014 20 49 38 0.07 
27 03 2014 20 49 41 0.10 
27 03 2014 20 49 43 0.06 
27 03 2014 20 49 47 0.06 
27 03 2014 20 49 48 0.29 
27 03 2014 20 49 54 0.05 
27 03 2014 20 49 58 0.17 
27 03 2014 20 50 03 0.12 
27 03 2014 20 50 03 0.06 
27 03 2014 20 50 04 0.24 
27 03 2014 20 50 10 0.09 
27 03 2014 20 50 14 0.46 
27 03 2014 20 50 14 0.22 
27 03 2014 20 50 16 0.08 
27 03 2014 20 50 20 0.09 
27 03 2014 20 50 25 0.07 
27 03 2014 20 50 25 0.00 
27 03 2014 20 50 30 0.07 
27 03 2014 20 50 36 0.17 
27 03 2014 20 50 42 0.19 
27 03 2014 20 50 43 0.41 
27 03 2014 20 50 48 0.07 
27 03 2014 20 51 05 0.06 
27 03 2014 20 51 12 0.05 
27 03 2014 20 51 14 0.05 
27 03 2014 20 51 15 0.00 
27 03 2014 20 51 20 0.05 
27 03 2014 20 51 24 0.08 
27 03 2014 20 51 24 0.06 
27 03 2014 20 51 24 0.05 
27 03 2014 20 51 29 0.11 
27 03 2014 20 51 45 0.06 
27 03 2014 20 51 53 0.06 
27 03 2014 20 52 07 0.11 
27 03 2014 20 52 10 0.08 
27 03 2014 20 52 20 0.06 
27 03 2014 20 52 27 0.05 
27 03 2014 20 52 33 0.18 
27 03 2014 20 52 40 0.10 
27 03 2014 20 52 43 0.11 
27 03 2014 20 52 55 0.08 
27 03 2014 20 53 06 0.08 
27 03 2014 20 53 06 0.06 
27 03 2014 20 53 17 0.14 
27 03 2014 20 53 21 1.76 
27 03 2014 20 53 22 0.06 
27 03 2014 20 53 29 0.27 
27 03 2014 20 53 29 0.10 
27 03 2014 20 53 38 0.10 
27 03 2014 20 53 41 0.06 
27 03 2014 20 53 41 0.11 
27 03 2014 20 53 41 0.07 
27 03 2014 20 53 42 0.18 
27 03 2014 20 53 46 0.06 
27 03 2014 20 53 48 0.09 
27 03 2014 20 53 52 0.24 
27 03 2014 20 53 55 0.16 
27 03 2014 20 53 58 0.06 
27 03 2014 20 53 59 0.05 
27 03 2014 20 54 00 0.08 
27 03 2014 20 54 00 0.22 
27 03 2014 20 54 04 0.14 
27 03 2014 20 54 06 0.06 
27 03 2014 20 54 07 0.07 
27 03 2014 20 54 07 0.08 
27 03 2014 20 54 12 0.22 
27 03 2014 20 54 16 0.06 
27 03 2014 20 54 17 0.06 
27 03 2014 20 54 25 0.15 
27 03 2014 20 54 28 0.07 
27 03 2014 20 54 29 0.06 
27 03 2014 20 54 29 0.13 
27 03 2014 20 54 29 0.07 
27 03 2014 20 54 30 0.05 
27 03 2014 20 54 31 0.10 
27 03 2014 20 54 33 0.47 
27 03 2014 20 54 37 0.05 
27 03 2014 20 54 39 0.15 
27 03 2014 20 54 40 0.06 
27 03 2014 20 54 45 0.59 
27 03 2014 20 54 47 0.19 
27 03 2014 20 54 50 0.09 
27 03 2014 20 54 51 0.05 
27 03 2014 20 54 51 0.06 
27 03 2014 20 54 53 0.07 
27 03 2014 20 54 55 0.13 
27 03 2014 20 54 57 0.05 
27 03 2014 20 54 59 0.05 
27 03 2014 20 55 01 0.06 
27 03 2014 20 55 01 0.07 
27 03 2014 20 55 02 0.11 
27 03 2014 20 55 04 0.07 
27 03 2014 20 55 06 0.72 
27 03 2014 20 55 07 0.18 
27 03 2014 20 55 09 0.05 
27 03 2014 20 55 16 0.11 
27 03 2014 20 55 17 0.70 
27 03 2014 20 55 21 0.07 
27 03 2014 20 55 22 0.39 
27 03 2014 20 55 24 0.11 
27 03 2014 20 55 24 0.25 
27 03 2014 20 55 25 0.51 
27 03 2014 20 55 28 0.19 
27 03 2014 20 55 29 0.71 
27 03 2014 20 55 32 0.05 
27 03 2014 20 55 34 0.41 
27 03 2014 20 55 39 0.06 
27 03 2014 20 55 40 0.08 
27 03 2014 20 55 41 0.15 
27 03 2014 20 55 45 0.83 
27 03 2014 20 55 45 0.44 
27 03 2014 20 55 51 0.16 
27 03 2014 20 55 52 0.19 
27 03 2014 20 55 54 0.09 
27 03 2014 20 55 56 0.05 
27 03 2014 20 55 58 0.28 
27 03 2014 20 55 59 0.06 
27 03 2014 20 56 00 0.92 
27 03 2014 20 56 01 0.30 
27 03 2014 20 56 02 0.16 
27 03 2014 20 56 03 0.15 
27 03 2014 20 56 04 0.18 
27 03 2014 20 56 06 0.15 
27 03 2014 20 56 09 0.08 
27 03 2014 20 56 12 0.08 
27 03 2014 20 56 14 0.12 
27 03 2014 20 56 16 0.11 
27 03 2014 20 56 16 0.33 
27 03 2014 20 56 20 0.28 
27 03 2014 20 56 22 0.23 
27 03 2014 20 56 22 0.16 
27 03 2014 20 56 25 0.10 
27 03 2014 20 56 25 0.09 
27 03 2014 20 56 26 0.07 
27 03 2014 20 56 31 0.30 
27 03 2014 20 56 32 0.25 
27 03 2014 20 56 33 0.24 
27 03 2014 20 56 37 0.10 
27 03 2014 20 56 37 0.14 
27 03 2014 20 56 39 0.31 
27 03 2014 20 56 42 0.13 
27 03 2014 20 56 42 0.05 
27 03 2014 20 56 42 0.08 
27 03 2014 20 56 45 0.08 
27 03 2014 20 56 47 0.15 
27 03 2014 20 56 47 0.24 
27 03 2014 20 56 49 0.33 
27 03 2014 20 56 51 0.74 
27 03 2014 20 56 51 0.16 
27 03 2014 20 56 55 0.57 
27 03 2014 20 56 55 0.30 
27 03 2014 20 56 55 0.06 
27 03 2014 20 56 57 0.05 
27 03 2014 20 56 58 0.15 
27 03 2014 20 56 58 0.09 
27 03 2014 20 57 00 0.21 
27 03 2014 20 57 00 0.14 
27 03 2014 20 57 01 0.41 
27 03 2014 20 57 01 0.13 
27 03 2014 20 57 02 0.05 
27 03 2014 20 57 06 0.13 
27 03 2014 20 57 07 0.10 
27 03 2014 20 57 07 0.26 
27 03 2014 20 57 08 0.07 
27 03 2014 20 57 09 0.10 
27 03 2014 20 57 11 0.12 
27 03 2014 20 57 11 0.08 
27 03 2014 20 57 12 0.09 
27 03 2014 20 57 15 0.10 
27 03 2014 20 57 16 0.14 
27 03 2014 20 57 18 0.06 
27 03 2014 20 57 18 0.25 
27 03 2014 20 57 19 0.11 
27 03 2014 20 57 19 0.23 
27 03 2014 20 57 27 0.07 
27 03 2014 20 57 30 0.32 
27 03 2014 20 57 31 0.12 
27 03 2014 20 57 32 0.14 
27 03 2014 20 57 34 0.05 
27 03 2014 20 57 34 0.08 
27 03 2014 20 57 37 0.32 
27 03 2014 20 57 43 0.15 
27 03 2014 20 57 48 0.11 
27 03 2014 20 57 49 0.08 
27 03 2014 20 57 50 0.19 
27 03 2014 20 57 53 0.05 
27 03 2014 20 57 54 0.08 
27 03 2014 20 57 55 0.13 
27 03 2014 20 57 56 0.06 
27 03 2014 20 57 57 0.01 
27 03 2014 20 58 00 0.08 
27 03 2014 20 58 00 0.15 
27 03 2014 20 58 03 0.13 
27 03 2014 20 58 03 0.07 
27 03 2014 20 58 04 0.12 
27 03 2014 20 58 06 0.22 
27 03 2014 20 58 08 0.10 
27 03 2014 20 58 09 0.09 
27 03 2014 20 58 09 0.08 
27 03 2014 20 58 11 0.20 
27 03 2014 20 58 11 0.05 
27 03 2014 20 58 12 0.38 
27 03 2014 20 58 14 0.05 
27 03 2014 20 58 16 0.18 
27 03 2014 20 58 16 0.21 
27 03 2014 20 58 18 0.05 
27 03 2014 20 58 18 0.30 
27 03 2014 20 58 19 0.10 
27 03 2014 20 58 28 0.07 
27 03 2014 20 58 31 0.07 
27 03 2014 20 58 37 0.33 
27 03 2014 20 58 39 0.05 
27 03 2014 20 58 40 0.34 
27 03 2014 20 58 41 0.06 
27 03 2014 20 58 41 0.18 
27 03 2014 20 58 42 0.16 
27 03 2014 20 58 45 0.07 
27 03 2014 20 58 46 0.11 
27 03 2014 20 58 47 0.27 
27 03 2014 20 58 53 0.07 
27 03 2014 20 58 54 0.99 
27 03 2014 20 58 58 0.05 
27 03 2014 20 58 59 0.21 
27 03 2014 20 59 01 0.15 
27 03 2014 20 59 01 0.13 
27 03 2014 20 59 02 0.12 
27 03 2014 20 59 04 0.43 
27 03 2014 20 59 04 0.12 
27 03 2014 20 59 04 0.12 
27 03 2014 20 59 08 0.05 
27 03 2014 20 59 09 0.05 
27 03 2014 20 59 14 0.29 
27 03 2014 20 59 20 0.06 
27 03 2014 20 59 27 0.40 
27 03 2014 20 59 27 0.21 
27 03 2014 20 59 31 0.08 
27 03 2014 20 59 32 0.08 
27 03 2014 20 59 32 0.17 
27 03 2014 20 59 33 0.18 
27 03 2014 20 59 34 0.20 
27 03 2014 20 59 38 0.13 
27 03 2014 20 59 41 0.42 
27 03 2014 20 59 43 0.06 
27 03 2014 20 59 44 0.27 
27 03 2014 20 59 44 0.06 
27 03 2014 20 59 45 0.13 
27 03 2014 20 59 46 0.24 
27 03 2014 20 59 47 0.08 
27 03 2014 20 59 47 0.41 
27 03 2014 20 59 48 0.21 
27 03 2014 20 59 49 0.17 
27 03 2014 20 59 49 0.21 
27 03 2014 20 59 52 0.06 
27 03 2014 20 59 54 0.08 
27 03 2014 20 59 56 0.06 
27 03 2014 20 59 57 0.69 
27 03 2014 20 59 58 0.30 
27 03 2014 21 00 00 0.40 
27 03 2014 21 00 01 0.06 
27 03 2014 21 00 02 0.18 
27 03 2014 21 00 04 0.29 
27 03 2014 21 00 05 0.21 
27 03 2014 21 00 05 0.83 
27 03 2014 21 00 05 0.07 
27 03 2014 21 00 08 0.17 
27 03 2014 21 00 08 0.19 
27 03 2014 21 00 09 0.00 
27 03 2014 21 00 12 0.05 
27 03 2014 21 00 13 0.18 
27 03 2014 21 00 13 0.10 
27 03 2014 21 00 13 0.11 
27 03 2014 21 00 14 0.42 
27 03 2014 21 00 16 0.05 
27 03 2014 21 00 16 0.07 
27 03 2014 21 00 16 0.08 
27 03 2014 21 00 18 0.09 
27 03 2014 21 00 20 0.15 
27 03 2014 21 00 21 0.23 
27 03 2014 21 00 21 0.30 
27 03 2014 21 00 22 0.41 
27 03 2014 21 00 22 0.37 
27 03 2014 21 00 22 0.11 
27 03 2014 21 00 22 0.33 
27 03 2014 21 00 23 0.08 
27 03 2014 21 00 24 0.00 
27 03 2014 21 00 24 0.05 
27 03 2014 21 00 25 0.18 
27 03 2014 21 00 28 0.09 
27 03 2014 21 00 29 0.10 
27 03 2014 21 00 30 0.22 
27 03 2014 21 00 33 0.11 
27 03 2014 21 00 33 0.24 
27 03 2014 21 00 33 0.12 
27 03 2014 21 00 33 0.14 
27 03 2014 21 00 35 0.19 
27 03 2014 21 00 35 0.14 
27 03 2014 21 00 37 0.32 
27 03 2014 21 00 38 0.17 
27 03 2014 21 00 38 0.06 
27 03 2014 21 00 38 0.23 
27 03 2014 21 00 38 0.22 
27 03 2014 21 00 38 0.12 
27 03 2014 21 00 39 0.22 
27 03 2014 21 00 40 0.12 
27 03 2014 21 00 40 0.09 
27 03 2014 21 00 41 0.19 
27 03 2014 21 00 41 0.33 
27 03 2014 21 00 43 0.00 
27 03 2014 21 00 44 0.13 
27 03 2014 21 00 45 0.11 
27 03 2014 21 00 47 0.08 
27 03 2014 21 00 50 0.34 
27 03 2014 21 00 50 0.12 
27 03 2014 21 00 50 0.14 
27 03 2014 21 00 50 0.24 
27 03 2014 21 00 50 0.13 
27 03 2014 21 00 52 0.06 
27 03 2014 21 00 52 0.16 
27 03 2014 21 00 58 0.05 
27 03 2014 21 01 00 0.05 
27 03 2014 21 01 00 0.25 
27 03 2014 21 01 01 0.09 
27 03 2014 21 01 01 0.09 
27 03 2014 21 01 02 0.22 
27 03 2014 21 01 03 0.06 
27 03 2014 21 01 03 0.09 
27 03 2014 21 01 04 0.08 
27 03 2014 21 01 04 0.05 
27 03 2014 21 01 06 0.08 
27 03 2014 21 01 09 0.09 
27 03 2014 21 01 11 0.43 
27 03 2014 21 01 13 0.44 
27 03 2014 21 01 13 0.09 
27 03 2014 21 01 13 0.64 
27 03 2014 21 01 14 0.12 
27 03 2014 21 01 15 0.09 
27 03 2014 21 01 16 0.05 
27 03 2014 21 01 17 0.24 
27 03 2014 21 01 17 0.43 
27 03 2014 21 01 17 0.10 
27 03 2014 21 01 17 0.23 
27 03 2014 21 01 21 0.00 
27 03 2014 21 01 21 0.11 
27 03 2014 21 01 22 0.51 
27 03 2014 21 01 23 0.05 
27 03 2014 21 01 25 0.19 
27 03 2014 21 01 25 0.27 
27 03 2014 21 01 26 0.17 
27 03 2014 21 01 28 0.32 
27 03 2014 21 01 28 0.30 
27 03 2014 21 01 28 0.12 
27 03 2014 21 01 29 0.12 
27 03 2014 21 01 29 0.29 
27 03 2014 21 01 29 0.05 
27 03 2014 21 01 30 0.27 
27 03 2014 21 01 31 0.18 
27 03 2014 21 01 31 0.10 
27 03 2014 21 01 31 0.00 
27 03 2014 21 01 32 0.15 
27 03 2014 21 01 32 0.13 
27 03 2014 21 01 33 0.08 
27 03 2014 21 01 34 0.12 
27 03 2014 21 01 34 0.31 
27 03 2014 21 01 35 0.19 
27 03 2014 21 01 37 0.16 
27 03 2014 21 01 37 0.54 
27 03 2014 21 01 41 0.06 
27 03 2014 21 01 41 0.06 
27 03 2014 21 01 42 0.33 
27 03 2014 21 01 45 0.41 
27 03 2014 21 01 45 0.19 
27 03 2014 21 01 45 0.10 
27 03 2014 21 01 46 0.07 
27 03 2014 21 01 48 0.17 
27 03 2014 21 01 48 0.05 
27 03 2014 21 01 49 0.10 
27 03 2014 21 01 50 0.07 
27 03 2014 21 01 51 0.18 
27 03 2014 21 01 52 0.13 
27 03 2014 21 01 53 0.05 
27 03 2014 21 01 54 0.27 
27 03 2014 21 01 55 0.09 
27 03 2014 21 01 55 0.10 
27 03 2014 21 01 55 0.13 
27 03 2014 21 01 57 0.24 
27 03 2014 21 01 58 0.05 
27 03 2014 21 02 06 0.13 
27 03 2014 21 02 06 0.05 
27 03 2014 21 02 06 0.12 
27 03 2014 21 02 07 0.19 
27 03 2014 21 02 07 0.06 
27 03 2014 21 02 10 0.08 
27 03 2014 21 02 12 0.12 
27 03 2014 21 02 13 0.09 
27 03 2014 21 02 13 0.09 
27 03 2014 21 02 13 0.00 
27 03 2014 21 02 16 0.05 
27 03 2014 21 02 17 0.08 
27 03 2014 21 02 17 0.10 
27 03 2014 21 02 18 0.06 
27 03 2014 21 02 19 0.60 
27 03 2014 21 02 19 0.05 
27 03 2014 21 02 20 0.06 
27 03 2014 21 02 21 0.07 
27 03 2014 21 02 21 0.05 
27 03 2014 21 02 22 0.61 
27 03 2014 21 02 23 0.17 
27 03 2014 21 02 23 0.09 
27 03 2014 21 02 23 0.11 
27 03 2014 21 02 25 1.00 
27 03 2014 21 02 25 0.80 
27 03 2014 21 02 26 0.12 
27 03 2014 21 02 26 0.13 
27 03 2014 21 02 27 0.05 
27 03 2014 21 02 27 0.10 
27 03 2014 21 02 30 0.06 
27 03 2014 21 02 31 0.10 
27 03 2014 21 02 31 0.07 
27 03 2014 21 02 31 0.15 
27 03 2014 21 02 33 0.05 
27 03 2014 21 02 39 0.06 
27 03 2014 21 02 40 0.05 
27 03 2014 21 02 42 0.07 
27 03 2014 21 02 42 0.13 
27 03 2014 21 02 42 0.11 
27 03 2014 21 02 42 0.08 
27 03 2014 21 02 43 0.08 
27 03 2014 21 02 44 1.45 
27 03 2014 21 02 44 0.28 
27 03 2014 21 02 44 0.09 
27 03 2014 21 02 45 2.39 
27 03 2014 21 02 45 0.96 
27 03 2014 21 02 46 0.09 
27 03 2014 21 02 46 0.12 
27 03 2014 21 02 47 0.06 
27 03 2014 21 02 48 0.07 
27 03 2014 21 02 48 0.09 
27 03 2014 21 02 48 0.06 
27 03 2014 21 02 50 0.09 
27 03 2014 21 02 54 0.55 
27 03 2014 21 02 54 0.08 
27 03 2014 21 02 55 0.12 
27 03 2014 21 02 55 0.48 
27 03 2014 21 02 55 0.09 
27 03 2014 21 02 56 0.19 
27 03 2014 21 02 56 0.10 
27 03 2014 21 02 56 0.15 
27 03 2014 21 02 57 0.60 
27 03 2014 21 02 58 0.71 
27 03 2014 21 02 58 0.37 
27 03 2014 21 02 59 0.06 
27 03 2014 21 02 59 0.25 
27 03 2014 21 03 01 0.20 
27 03 2014 21 03 01 0.18 
27 03 2014 21 03 02 0.55 
27 03 2014 21 03 04 0.27 
27 03 2014 21 03 05 0.05 
27 03 2014 21 03 09 0.08 
27 03 2014 21 03 12 0.09 
27 03 2014 21 03 14 0.06 
27 03 2014 21 03 15 0.21 
27 03 2014 21 03 16 0.06 
27 03 2014 21 03 17 1.02 
27 03 2014 21 03 17 0.06 
27 03 2014 21 03 17 0.16 
27 03 2014 21 03 17 0.11 
27 03 2014 21 03 18 0.34 
27 03 2014 21 03 19 0.24 
27 03 2014 21 03 19 0.34 
27 03 2014 21 03 20 0.05 
27 03 2014 21 03 20 0.09 
27 03 2014 21 03 20 0.14 
27 03 2014 21 03 21 0.09 
27 03 2014 21 03 21 0.12 
27 03 2014 21 03 21 0.07 
27 03 2014 21 03 23 0.00 
27 03 2014 21 03 23 0.57 
27 03 2014 21 03 23 0.87 
27 03 2014 21 03 24 0.44 
27 03 2014 21 03 25 0.07 
27 03 2014 21 03 25 0.18 
27 03 2014 21 03 26 0.00 
27 03 2014 21 03 27 0.21 
27 03 2014 21 03 28 0.66 
27 03 2014 21 03 31 0.18 
27 03 2014 21 03 31 0.59 
27 03 2014 21 03 31 0.05 
27 03 2014 21 03 31 0.61 
27 03 2014 21 03 31 0.07 
27 03 2014 21 03 32 0.06 
27 03 2014 21 03 32 0.32 
27 03 2014 21 03 32 0.47 
27 03 2014 21 03 33 0.10 
27 03 2014 21 03 34 0.24 
27 03 2014 21 03 34 0.21 
27 03 2014 21 03 34 0.15 
27 03 2014 21 03 35 0.07 
27 03 2014 21 03 36 0.77 
27 03 2014 21 03 36 0.29 
27 03 2014 21 03 36 0.24 
27 03 2014 21 03 36 0.39 
27 03 2014 21 03 36 0.42 
27 03 2014 21 03 36 0.20 
27 03 2014 21 03 37 0.08 
27 03 2014 21 03 37 0.49 
27 03 2014 21 03 37 0.00 
27 03 2014 21 03 37 0.14 
27 03 2014 21 03 37 0.15 
27 03 2014 21 03 38 0.00 
27 03 2014 21 03 38 0.24 
27 03 2014 21 03 38 0.08 
27 03 2014 21 03 39 0.13 
27 03 2014 21 03 39 0.93 
27 03 2014 21 03 40 0.07 
27 03 2014 21 03 41 0.67 
27 03 2014 21 03 42 0.08 
27 03 2014 21 03 43 0.00 
27 03 2014 21 03 43 0.09 
27 03 2014 21 03 44 0.28 
27 03 2014 21 03 44 0.06 
27 03 2014 21 03 45 0.08 
27 03 2014 21 03 45 0.98 
27 03 2014 21 03 46 0.09 
27 03 2014 21 03 46 0.32 
27 03 2014 21 03 48 0.12 
27 03 2014 21 03 48 0.18 
27 03 2014 21 03 49 0.42 
27 03 2014 21 03 50 0.57 
27 03 2014 21 03 50 0.45 
27 03 2014 21 03 51 0.85 
27 03 2014 21 03 52 0.11 
27 03 2014 21 03 53 0.43 
27 03 2014 21 03 54 0.22 
27 03 2014 21 03 54 0.14 
27 03 2014 21 03 55 0.28 
27 03 2014 21 03 58 0.11 
27 03 2014 21 03 59 0.54 
27 03 2014 21 03 59 0.46 
27 03 2014 21 03 59 0.39 
27 03 2014 21 04 00 0.65 
27 03 2014 21 04 01 2.06 
27 03 2014 21 04 03 0.43 
27 03 2014 21 04 04 0.14 
27 03 2014 21 04 04 0.05 
27 03 2014 21 04 05 0.06 
27 03 2014 21 04 05 0.08 
27 03 2014 21 04 06 0.15 
27 03 2014 21 04 06 0.57 
27 03 2014 21 04 07 0.14 
27 03 2014 21 04 07 0.09 
27 03 2014 21 04 07 0.13 
27 03 2014 21 04 09 0.22 
27 03 2014 21 04 10 0.09 
27 03 2014 21 04 12 0.22 
27 03 2014 21 04 12 0.05 
27 03 2014 21 04 14 0.32 
27 03 2014 21 04 15 0.18 
27 03 2014 21 04 15 0.09 
27 03 2014 21 04 16 0.07 
27 03 2014 21 04 19 0.99 
27 03 2014 21 04 19 0.17 
27 03 2014 21 04 20 0.06 
27 03 2014 21 04 21 1.66 
27 03 2014 21 04 21 0.00 
27 03 2014 21 04 22 0.52 
27 03 2014 21 04 22 0.33 
27 03 2014 21 04 23 0.07 
27 03 2014 21 04 24 0.21 
27 03 2014 21 04 24 0.10 
27 03 2014 21 04 25 0.36 
27 03 2014 21 04 27 0.05 
27 03 2014 21 04 30 0.75 
27 03 2014 21 04 31 0.09 
27 03 2014 21 04 31 0.64 
27 03 2014 21 04 32 0.52 
27 03 2014 21 04 32 0.21 
27 03 2014 21 04 32 0.15 
27 03 2014 21 04 32 0.85 
27 03 2014 21 04 34 0.07 
27 03 2014 21 04 34 0.05 
27 03 2014 21 04 35 0.19 
27 03 2014 21 04 36 0.07 
27 03 2014 21 04 37 0.10 
27 03 2014 21 04 37 0.07 
27 03 2014 21 04 37 0.06 
27 03 2014 21 04 40 0.05 
27 03 2014 21 04 40 0.13 
27 03 2014 21 04 43 0.45 
27 03 2014 21 04 44 0.05 
27 03 2014 21 04 45 0.10 
27 03 2014 21 04 46 0.06 
27 03 2014 21 04 46 0.38 
27 03 2014 21 04 46 2.34 
27 03 2014 21 04 47 0.46 
27 03 2014 21 04 48 0.29 
27 03 2014 21 04 48 0.00 
27 03 2014 21 04 48 0.12 
27 03 2014 21 04 48 0.07 
27 03 2014 21 04 48 0.15 
27 03 2014 21 04 49 1.05 
27 03 2014 21 04 50 0.29 
27 03 2014 21 04 50 0.25 
27 03 2014 21 04 50 0.11 
27 03 2014 21 04 50 0.16 
27 03 2014 21 04 50 0.10 
27 03 2014 21 04 51 0.09 
27 03 2014 21 04 51 0.67 
27 03 2014 21 04 56 0.16 
27 03 2014 21 04 57 0.08 
27 03 2014 21 04 57 0.06 
27 03 2014 21 04 58 0.00 
27 03 2014 21 04 58 0.60 
27 03 2014 21 04 59 0.12 
27 03 2014 21 04 59 0.05 
27 03 2014 21 04 59 0.05 
27 03 2014 21 04 59 1.47 
27 03 2014 21 05 00 0.19 
27 03 2014 21 05 00 0.06 
27 03 2014 21 05 01 0.20 
27 03 2014 21 05 01 0.11 
27 03 2014 21 05 02 0.81 
27 03 2014 21 05 02 0.00 
27 03 2014 21 05 02 0.14 
27 03 2014 21 05 04 0.06 
27 03 2014 21 05 04 0.21 
27 03 2014 21 05 04 0.32 
27 03 2014 21 05 09 0.30 
27 03 2014 21 05 11 0.06 
27 03 2014 21 05 11 0.13 
27 03 2014 21 05 11 0.57 
27 03 2014 21 05 11 0.06 
27 03 2014 21 05 11 0.07 
27 03 2014 21 05 12 0.21 
27 03 2014 21 05 13 0.28 
27 03 2014 21 05 13 0.08 
27 03 2014 21 05 14 0.15 
27 03 2014 21 05 15 0.31 
27 03 2014 21 05 15 0.11 
27 03 2014 21 05 15 0.35 
27 03 2014 21 05 15 0.20 
27 03 2014 21 05 15 0.11 
27 03 2014 21 05 17 0.16 
27 03 2014 21 05 17 0.06 
27 03 2014 21 05 17 0.08 
27 03 2014 21 05 18 0.37 
27 03 2014 21 05 19 0.20 
27 03 2014 21 05 20 0.28 
27 03 2014 21 05 20 0.07 
27 03 2014 21 05 21 0.29 
27 03 2014 21 05 21 0.14 
27 03 2014 21 05 22 0.29 
27 03 2014 21 05 22 0.57 
27 03 2014 21 05 23 0.00 
27 03 2014 21 05 23 0.15 
27 03 2014 21 05 25 0.06 
27 03 2014 21 05 25 0.00 
27 03 2014 21 05 26 0.54 
27 03 2014 21 05 26 0.16 
27 03 2014 21 05 27 0.26 
27 03 2014 21 05 28 0.10 
27 03 2014 21 05 29 1.46 
27 03 2014 21 05 29 0.39 
27 03 2014 21 05 29 0.87 
27 03 2014 21 05 30 0.45 
27 03 2014 21 05 31 0.07 
27 03 2014 21 05 31 0.06 
27 03 2014 21 05 32 0.10 
27 03 2014 21 05 32 0.27 
27 03 2014 21 05 32 0.06 
27 03 2014 21 05 32 2.15 
27 03 2014 21 05 33 0.25 
27 03 2014 21 05 33 0.13 
27 03 2014 21 05 33 0.19 
27 03 2014 21 05 34 0.28 
27 03 2014 21 05 34 0.15 
27 03 2014 21 05 34 0.41 
27 03 2014 21 05 35 0.28 
27 03 2014 21 05 35 0.06 
27 03 2014 21 05 35 1.03 
27 03 2014 21 05 35 0.07 
27 03 2014 21 05 36 0.15 
27 03 2014 21 05 36 0.18 
27 03 2014 21 05 37 0.22 
27 03 2014 21 05 38 0.29 
27 03 2014 21 05 38 0.12 
27 03 2014 21 05 39 0.28 
27 03 2014 21 05 39 0.08 
27 03 2014 21 05 40 0.07 
27 03 2014 21 05 41 0.69 
27 03 2014 21 05 42 0.29 
27 03 2014 21 05 42 0.13 
27 03 2014 21 05 42 0.06 
27 03 2014 21 05 42 0.12 
27 03 2014 21 05 46 0.07 
27 03 2014 21 05 46 0.19 
27 03 2014 21 05 47 0.15 
27 03 2014 21 05 49 0.10 
27 03 2014 21 05 50 0.13 
27 03 2014 21 05 51 0.52 
27 03 2014 21 05 52 0.34 
27 03 2014 21 05 52 0.19 
27 03 2014 21 05 53 0.08 
27 03 2014 21 05 55 0.15 
27 03 2014 21 05 56 0.17 
27 03 2014 21 05 57 0.13 
27 03 2014 21 05 57 0.96 
27 03 2014 21 05 57 0.42 
27 03 2014 21 05 58 0.15 
27 03 2014 21 05 59 0.05 
27 03 2014 21 06 00 0.16 
27 03 2014 21 06 00 0.00 
27 03 2014 21 06 00 0.09 
27 03 2014 21 06 00 0.30 
27 03 2014 21 06 01 0.17 
27 03 2014 21 06 01 0.24 
27 03 2014 21 06 02 0.06 
27 03 2014 21 06 02 0.18 
27 03 2014 21 06 02 0.19 
27 03 2014 21 06 03 0.00 
27 03 2014 21 06 03 0.38 
27 03 2014 21 06 03 0.00 
27 03 2014 21 06 04 0.73 
27 03 2014 21 06 04 0.24 
27 03 2014 21 06 04 0.08 
27 03 2014 21 06 05 0.05 
27 03 2014 21 06 05 0.58 
27 03 2014 21 06 07 0.24 
27 03 2014 21 06 07 0.13 
27 03 2014 21 06 07 0.10 
27 03 2014 21 06 07 0.18 
27 03 2014 21 06 08 0.06 
27 03 2014 21 06 09 0.44 
27 03 2014 21 06 10 0.13 
27 03 2014 21 06 11 0.06 
27 03 2014 21 06 11 0.27 
27 03 2014 21 06 11 0.06 
27 03 2014 21 06 12 0.67 
27 03 2014 21 06 12 0.08 
27 03 2014 21 06 12 0.20 
27 03 2014 21 06 13 0.13 
27 03 2014 21 06 14 0.84 
27 03 2014 21 06 14 0.55 
27 03 2014 21 06 14 0.80 
27 03 2014 21 06 15 0.86 
27 03 2014 21 06 15 0.33 
27 03 2014 21 06 15 0.11 
27 03 2014 21 06 15 1.32 
27 03 2014 21 06 15 0.09 
27 03 2014 21 06 15 0.35 
27 03 2014 21 06 15 0.07 
27 03 2014 21 06 15 0.01 
27 03 2014 21 06 16 1.12 
27 03 2014 21 06 16 0.29 
27 03 2014 21 06 16 0.15 
27 03 2014 21 06 17 0.10 
27 03 2014 21 06 17 0.06 
27 03 2014 21 06 17 0.49 
27 03 2014 21 06 18 0.32 
27 03 2014 21 06 18 0.14 
27 03 2014 21 06 18 0.11 
27 03 2014 21 06 19 0.13 
27 03 2014 21 06 19 1.17 
27 03 2014 21 06 19 0.17 
27 03 2014 21 06 20 0.16 
27 03 2014 21 06 21 0.56 
27 03 2014 21 06 21 0.19 
27 03 2014 21 06 21 0.19 
27 03 2014 21 06 22 0.17 
27 03 2014 21 06 22 0.32 
27 03 2014 21 06 22 0.12 
27 03 2014 21 06 23 0.10 
27 03 2014 21 06 25 0.56 
27 03 2014 21 06 26 0.16 
27 03 2014 21 06 26 0.06 
27 03 2014 21 06 27 0.40 
27 03 2014 21 06 27 0.23 
27 03 2014 21 06 27 0.26 
27 03 2014 21 06 28 0.12 
27 03 2014 21 06 28 0.14 
27 03 2014 21 06 29 0.05 
27 03 2014 21 06 29 0.84 
27 03 2014 21 06 29 0.00 
27 03 2014 21 06 30 0.06 
27 03 2014 21 06 30 0.53 
27 03 2014 21 06 30 0.18 
27 03 2014 21 06 31 0.61 
27 03 2014 21 06 33 0.19 
27 03 2014 21 06 33 0.05 
27 03 2014 21 06 33 0.50 
27 03 2014 21 06 34 0.08 
27 03 2014 21 06 34 0.22 
27 03 2014 21 06 34 0.16 
27 03 2014 21 06 36 0.07 
27 03 2014 21 06 36 0.14 
27 03 2014 21 06 36 0.06 
27 03 2014 21 06 36 0.30 
27 03 2014 21 06 37 0.08 
27 03 2014 21 06 37 0.16 
27 03 2014 21 06 37 0.01 
27 03 2014 21 06 37 0.59 
27 03 2014 21 06 38 0.28 
27 03 2014 21 06 38 0.17 
27 03 2014 21 06 38 0.13 
27 03 2014 21 06 39 1.76 
27 03 2014 21 06 39 1.27 
27 03 2014 21 06 39 0.71 
27 03 2014 21 06 40 0.10 
27 03 2014 21 06 40 0.12 
27 03 2014 21 06 40 0.11 
27 03 2014 21 06 41 0.12 
27 03 2014 21 06 41 0.08 
27 03 2014 21 06 42 0.39 
27 03 2014 21 06 42 0.26 
27 03 2014 21 06 42 0.07 
27 03 2014 21 06 43 0.10 
27 03 2014 21 06 43 0.70 
27 03 2014 21 06 43 0.29 
27 03 2014 21 06 43 0.12 
27 03 2014 21 06 43 0.10 
27 03 2014 21 06 44 0.09 
27 03 2014 21 06 44 0.14 
27 03 2014 21 06 45 0.12 
27 03 2014 21 06 45 0.44 
27 03 2014 21 06 47 0.09 
27 03 2014 21 06 47 0.08 
27 03 2014 21 06 48 0.07 
27 03 2014 21 06 48 0.15 
27 03 2014 21 06 48 0.05 
27 03 2014 21 06 49 0.09 
27 03 2014 21 06 49 0.06 
27 03 2014 21 06 49 0.08 
27 03 2014 21 06 49 0.09 
27 03 2014 21 06 50 0.06 
27 03 2014 21 06 50 0.33 
27 03 2014 21 06 51 0.23 
27 03 2014 21 06 52 0.31 
27 03 2014 21 06 52 0.05 
27 03 2014 21 06 52 0.00 
27 03 2014 21 06 55 1.10 
27 03 2014 21 06 55 0.23 
27 03 2014 21 06 56 0.11 
27 03 2014 21 06 56 1.35 
27 03 2014 21 06 56 0.08 
27 03 2014 21 06 57 0.08 
27 03 2014 21 06 57 0.16 
27 03 2014 21 06 58 0.17 
27 03 2014 21 06 59 0.98 
27 03 2014 21 06 59 0.21 
27 03 2014 21 07 00 1.43 
27 03 2014 21 07 00 0.05 
27 03 2014 21 07 00 0.67 
27 03 2014 21 07 01 1.02 
27 03 2014 21 07 02 0.10 
27 03 2014 21 07 02 2.27 
27 03 2014 21 07 03 0.11 
27 03 2014 21 07 03 0.11 
27 03 2014 21 07 04 0.11 
27 03 2014 21 07 05 0.84 
27 03 2014 21 07 08 0.12 
27 03 2014 21 07 08 0.06 
27 03 2014 21 07 08 0.08 
27 03 2014 21 07 09 1.23 
27 03 2014 21 07 09 0.18 
27 03 2014 21 07 09 0.17 
27 03 2014 21 07 09 0.59 
27 03 2014 21 07 09 0.22 
27 03 2014 21 07 10 0.08 
27 03 2014 21 07 10 0.59 
27 03 2014 21 07 10 0.35 
27 03 2014 21 07 11 0.07 
27 03 2014 21 07 13 0.27 
27 03 2014 21 07 13 0.11 
27 03 2014 21 07 14 1.64 
27 03 2014 21 07 16 0.09 
27 03 2014 21 07 16 0.86 
27 03 2014 21 07 16 0.12 
27 03 2014 21 07 17 0.38 
27 03 2014 21 07 18 0.10 
27 03 2014 21 07 18 0.06 
27 03 2014 21 07 18 0.59 
27 03 2014 21 07 19 0.15 
27 03 2014 21 07 19 0.06 
27 03 2014 21 07 20 0.07 
27 03 2014 21 07 22 0.18 
27 03 2014 21 07 24 1.75 
27 03 2014 21 07 26 0.16 
27 03 2014 21 07 26 0.21 
27 03 2014 21 07 26 0.17 
27 03 2014 21 07 28 0.10 
27 03 2014 21 07 28 0.05 
27 03 2014 21 07 30 0.06 
27 03 2014 21 07 32 0.06 
27 03 2014 21 07 32 0.00 
27 03 2014 21 07 33 0.16 
27 03 2014 21 07 33 0.37 
27 03 2014 21 07 34 0.35 
27 03 2014 21 07 35 0.23 
27 03 2014 21 07 35 0.10 
27 03 2014 21 07 38 0.52 
27 03 2014 21 07 38 0.52 
27 03 2014 21 07 38 1.57 
27 03 2014 21 07 39 0.15 
27 03 2014 21 07 41 0.27 
27 03 2014 21 07 43 0.13 
27 03 2014 21 07 44 0.12 
27 03 2014 21 07 44 0.07 
27 03 2014 21 07 44 0.59 
27 03 2014 21 07 45 0.26 
27 03 2014 21 07 45 0.08 
27 03 2014 21 07 47 0.14 
27 03 2014 21 07 47 0.24 
27 03 2014 21 07 47 0.20 
27 03 2014 21 07 48 0.00 
27 03 2014 21 07 49 0.08 
27 03 2014 21 07 50 0.32 
27 03 2014 21 07 52 0.24 
27 03 2014 21 07 52 0.30 
27 03 2014 21 07 54 0.11 
27 03 2014 21 07 54 0.13 
27 03 2014 21 07 55 0.66 
27 03 2014 21 07 56 0.25 
27 03 2014 21 07 56 0.67 
27 03 2014 21 07 59 0.22 
27 03 2014 21 08 03 0.32 
27 03 2014 21 08 04 0.08 
27 03 2014 21 08 04 1.37 
27 03 2014 21 08 07 1.57 
27 03 2014 21 08 08 0.83 
27 03 2014 21 08 08 0.00 
27 03 2014 21 08 08 0.13 
27 03 2014 21 08 10 0.07 
27 03 2014 21 08 10 0.26 
27 03 2014 21 08 13 0.23 
27 03 2014 21 08 14 0.22 
27 03 2014 21 08 15 0.17 
27 03 2014 21 08 15 0.51 
27 03 2014 21 08 16 0.15 
27 03 2014 21 08 16 0.84 
27 03 2014 21 08 17 0.05 
27 03 2014 21 08 20 0.06 
27 03 2014 21 08 20 0.09 
27 03 2014 21 08 22 0.29 
27 03 2014 21 08 24 0.12 
27 03 2014 21 08 25 0.05 
27 03 2014 21 08 25 0.29 
27 03 2014 21 08 28 0.70 
27 03 2014 21 08 32 0.50 
27 03 2014 21 08 33 0.21 
27 03 2014 21 08 34 0.00 
27 03 2014 21 08 36 0.17 
27 03 2014 21 08 37 0.09 
27 03 2014 21 08 37 0.05 
27 03 2014 21 08 37 0.61 
27 03 2014 21 08 38 0.16 
27 03 2014 21 08 38 1.65 
27 03 2014 21 08 38 0.08 
27 03 2014 21 08 39 0.85 
27 03 2014 21 08 39 0.21 
27 03 2014 21 08 39 0.23 
27 03 2014 21 08 40 0.11 
27 03 2014 21 08 41 0.18 
27 03 2014 21 08 41 0.07 
27 03 2014 21 08 45 0.08 
27 03 2014 21 08 45 0.36 
27 03 2014 21 08 46 0.22 
27 03 2014 21 08 46 0.05 
27 03 2014 21 08 47 0.10 
27 03 2014 21 08 49 0.46 
27 03 2014 21 08 50 1.06 
27 03 2014 21 08 52 1.11 
27 03 2014 21 08 52 0.10 
27 03 2014 21 08 52 0.15 
27 03 2014 21 08 53 0.39 
27 03 2014 21 08 54 0.67 
27 03 2014 21 08 54 0.13 
27 03 2014 21 08 54 0.21 
27 03 2014 21 08 55 0.06 
27 03 2014 21 08 57 0.05 
27 03 2014 21 08 58 0.10 
27 03 2014 21 08 59 0.08 
27 03 2014 21 08 59 0.35 
27 03 2014 21 08 59 0.10 
27 03 2014 21 08 59 0.05 
27 03 2014 21 09 01 0.18 
27 03 2014 21 09 02 0.22 
27 03 2014 21 09 03 0.15 
27 03 2014 21 09 03 0.19 
27 03 2014 21 09 04 0.12 
27 03 2014 21 09 04 0.32 
27 03 2014 21 09 05 0.09 
27 03 2014 21 09 05 0.14 
27 03 2014 21 09 06 0.35 
27 03 2014 21 09 10 0.06 
27 03 2014 21 09 10 0.05 
27 03 2014 21 09 11 0.23 
27 03 2014 21 09 11 0.45 
27 03 2014 21 09 12 0.05 
27 03 2014 21 09 13 0.58 
27 03 2014 21 09 14 0.17 
27 03 2014 21 09 14 0.07 
27 03 2014 21 09 17 0.06 
27 03 2014 21 09 17 0.09 
27 03 2014 21 09 18 0.17 
27 03 2014 21 09 19 0.06 
27 03 2014 21 09 22 0.18 
27 03 2014 21 09 24 0.07 
27 03 2014 21 09 27 0.44 
27 03 2014 21 09 28 1.33 
27 03 2014 21 09 28 0.41 
27 03 2014 21 09 28 0.42 
27 03 2014 21 09 29 0.10 
27 03 2014 21 09 29 0.83 
27 03 2014 21 09 31 0.06 
27 03 2014 21 09 32 0.05 
27 03 2014 21 09 33 0.10 
27 03 2014 21 09 35 0.20 
27 03 2014 21 09 38 0.25 
27 03 2014 21 09 38 0.43 
27 03 2014 21 09 38 0.63 
27 03 2014 21 09 39 0.06 
27 03 2014 21 09 39 0.05 
27 03 2014 21 09 40 0.06 
27 03 2014 21 09 40 0.27 
27 03 2014 21 09 40 0.22 
27 03 2014 21 09 42 0.12 
27 03 2014 21 09 42 0.11 
27 03 2014 21 09 45 0.07 
27 03 2014 21 09 45 0.14 
27 03 2014 21 09 46 0.53 
27 03 2014 21 09 47 0.15 
27 03 2014 21 09 48 0.21 
27 03 2014 21 09 50 0.10 
27 03 2014 21 09 51 0.16 
27 03 2014 21 09 51 0.09 
27 03 2014 21 09 51 0.05 
27 03 2014 21 09 51 0.90 
27 03 2014 21 09 51 0.34 
27 03 2014 21 09 51 0.08 
27 03 2014 21 09 51 0.06 
27 03 2014 21 09 54 0.07 
27 03 2014 21 09 55 0.13 
27 03 2014 21 09 55 0.05 
27 03 2014 21 09 56 0.37 
27 03 2014 21 09 56 0.08 
27 03 2014 21 09 58 0.06 
27 03 2014 21 09 58 0.14 
27 03 2014 21 09 59 0.07 
27 03 2014 21 10 02 0.84 
27 03 2014 21 10 03 0.06 
27 03 2014 21 10 04 0.16 
27 03 2014 21 10 04 0.37 
27 03 2014 21 10 08 0.08 
27 03 2014 21 10 09 0.06 
27 03 2014 21 10 11 0.17 
27 03 2014 21 10 11 0.96 
27 03 2014 21 10 17 0.13 
27 03 2014 21 10 19 0.10 
27 03 2014 21 10 19 0.17 
27 03 2014 21 10 20 0.14 
27 03 2014 21 10 20 0.26 
27 03 2014 21 10 21 0.05 
27 03 2014 21 10 22 0.88 
27 03 2014 21 10 23 0.22 
27 03 2014 21 10 25 0.28 
27 03 2014 21 10 26 0.10 
27 03 2014 21 10 27 0.12 
27 03 2014 21 10 27 0.76 
27 03 2014 21 10 27 0.15 
27 03 2014 21 10 28 0.10 
27 03 2014 21 10 29 0.07 
27 03 2014 21 10 31 0.06 
27 03 2014 21 10 33 0.13 
27 03 2014 21 10 33 0.08 
27 03 2014 21 10 34 0.06 
27 03 2014 21 10 34 0.23 
27 03 2014 21 10 35 0.12 
27 03 2014 21 10 35 0.00 
27 03 2014 21 10 36 0.05 
27 03 2014 21 10 36 0.15 
27 03 2014 21 10 40 0.15 
27 03 2014 21 10 40 0.23 
27 03 2014 21 10 40 0.67 
27 03 2014 21 10 42 0.06 
27 03 2014 21 10 43 0.33 
27 03 2014 21 10 47 0.27 
27 03 2014 21 10 49 0.07 
27 03 2014 21 10 52 0.15 
27 03 2014 21 10 53 0.07 
27 03 2014 21 10 53 0.07 
27 03 2014 21 10 54 0.11 
27 03 2014 21 10 56 0.13 
27 03 2014 21 10 56 0.07 
27 03 2014 21 10 58 0.14 
27 03 2014 21 11 00 0.14 
27 03 2014 21 11 01 0.63 
27 03 2014 21 11 02 0.23 
27 03 2014 21 11 03 0.07 
27 03 2014 21 11 04 0.07 
27 03 2014 21 11 04 0.11 
27 03 2014 21 11 04 0.07 
27 03 2014 21 11 05 0.36 
27 03 2014 21 11 05 0.13 
27 03 2014 21 11 07 0.83 
27 03 2014 21 11 09 0.47 
27 03 2014 21 11 10 0.14 
27 03 2014 21 11 10 0.54 
27 03 2014 21 11 11 0.72 
27 03 2014 21 11 13 0.05 
27 03 2014 21 11 16 0.20 
27 03 2014 21 11 17 0.07 
27 03 2014 21 11 17 0.20 
27 03 2014 21 11 17 0.13 
27 03 2014 21 11 18 0.33 
27 03 2014 21 11 20 0.21 
27 03 2014 21 11 21 0.08 
27 03 2014 21 11 21 0.05 
27 03 2014 21 11 21 0.13 
27 03 2014 21 11 22 0.27 
27 03 2014 21 11 22 0.07 
27 03 2014 21 11 23 1.54 
27 03 2014 21 11 24 0.07 
27 03 2014 21 11 25 0.29 
27 03 2014 21 11 25 0.31 
27 03 2014 21 11 25 0.35 
27 03 2014 21 11 26 0.05 
27 03 2014 21 11 26 0.55 
27 03 2014 21 11 27 0.11 
27 03 2014 21 11 27 0.15 
27 03 2014 21 11 29 0.05 
27 03 2014 21 11 29 0.43 
27 03 2014 21 11 29 0.06 
27 03 2014 21 11 30 0.54 
27 03 2014 21 11 31 0.08 
27 03 2014 21 11 31 0.28 
27 03 2014 21 11 32 0.24 
27 03 2014 21 11 33 0.17 
27 03 2014 21 11 33 0.06 
27 03 2014 21 11 33 0.93 
27 03 2014 21 11 33 1.25 
27 03 2014 21 11 33 0.42 
27 03 2014 21 11 33 0.71 
27 03 2014 21 11 34 0.30 
27 03 2014 21 11 34 0.25 
27 03 2014 21 11 35 0.23 
27 03 2014 21 11 35 0.07 
27 03 2014 21 11 35 0.13 
27 03 2014 21 11 36 0.08 
27 03 2014 21 11 37 1.39 
27 03 2014 21 11 37 0.17 
27 03 2014 21 11 38 0.61 
27 03 2014 21 11 39 0.40 
27 03 2014 21 11 40 0.30 
27 03 2014 21 11 40 0.86 
27 03 2014 21 11 41 0.10 
27 03 2014 21 11 41 0.34 
27 03 2014 21 11 43 0.38 
27 03 2014 21 11 43 0.09 
27 03 2014 21 11 44 0.23 
27 03 2014 21 11 44 0.09 
27 03 2014 21 11 45 0.08 
27 03 2014 21 11 45 0.41 
27 03 2014 21 11 45 0.60 
27 03 2014 21 11 46 0.28 
27 03 2014 21 11 46 0.11 
27 03 2014 21 11 46 0.06 
27 03 2014 21 11 47 0.05 
27 03 2014 21 11 47 0.28 
27 03 2014 21 11 48 0.07 
27 03 2014 21 11 49 0.27 
27 03 2014 21 11 49 0.26 
27 03 2014 21 11 50 0.05 
27 03 2014 21 11 50 0.08 
27 03 2014 21 11 51 0.21 
27 03 2014 21 11 52 0.05 
27 03 2014 21 11 53 0.81 
27 03 2014 21 11 53 0.14 
27 03 2014 21 11 54 0.22 
27 03 2014 21 11 55 0.12 
27 03 2014 21 11 55 0.06 
27 03 2014 21 11 55 0.08 
27 03 2014 21 11 56 0.07 
27 03 2014 21 11 56 0.00 
27 03 2014 21 11 57 0.64 
27 03 2014 21 11 57 1.20 
27 03 2014 21 11 58 0.16 
27 03 2014 21 11 58 0.62 
27 03 2014 21 11 59 0.08 
27 03 2014 21 12 00 0.58 
27 03 2014 21 12 01 0.08 
27 03 2014 21 12 01 0.07 
27 03 2014 21 12 02 0.09 
27 03 2014 21 12 02 0.05 
27 03 2014 21 12 03 0.52 
27 03 2014 21 12 03 0.08 
27 03 2014 21 12 03 0.06 
27 03 2014 21 12 03 0.05 
27 03 2014 21 12 04 0.25 
27 03 2014 21 12 06 0.26 
27 03 2014 21 12 06 1.75 
27 03 2014 21 12 07 0.17 
27 03 2014 21 12 07 0.12 
27 03 2014 21 12 07 0.07 
27 03 2014 21 12 07 0.09 
27 03 2014 21 12 07 0.05 
27 03 2014 21 12 07 1.02 
27 03 2014 21 12 08 0.07 
27 03 2014 21 12 08 0.12 
27 03 2014 21 12 09 0.27 
27 03 2014 21 12 09 0.28 
27 03 2014 21 12 10 0.12 
27 03 2014 21 12 11 0.12 
27 03 2014 21 12 11 0.00 
27 03 2014 21 12 11 0.06 
27 03 2014 21 12 11 1.08 
27 03 2014 21 12 12 0.29 
27 03 2014 21 12 12 0.17 
27 03 2014 21 12 12 0.00 
27 03 2014 21 12 13 0.32 
27 03 2014 21 12 14 0.26 
27 03 2014 21 12 14 1.25 
27 03 2014 21 12 15 0.06 
27 03 2014 21 12 15 0.48 
27 03 2014 21 12 15 0.09 
27 03 2014 21 12 16 0.16 
27 03 2014 21 12 16 0.09 
27 03 2014 21 12 16 0.07 
27 03 2014 21 12 16 0.06 
27 03 2014 21 12 17 0.07 
27 03 2014 21 12 18 0.11 
27 03 2014 21 12 19 0.19 
27 03 2014 21 12 19 0.98 
27 03 2014 21 12 19 0.23 
27 03 2014 21 12 19 0.24 
27 03 2014 21 12 19 0.37 
27 03 2014 21 12 20 0.12 
27 03 2014 21 12 20 0.10 
27 03 2014 21 12 20 0.15 
27 03 2014 21 12 21 0.08 
27 03 2014 21 12 21 0.31 
27 03 2014 21 12 21 0.13 
27 03 2014 21 12 22 0.31 
27 03 2014 21 12 22 0.24 
27 03 2014 21 12 22 0.06 
27 03 2014 21 12 22 0.22 
27 03 2014 21 12 23 0.08 
27 03 2014 21 12 23 0.20 
27 03 2014 21 12 24 0.07 
27 03 2014 21 12 24 0.57 
27 03 2014 21 12 24 0.07 
27 03 2014 21 12 24 0.32 
27 03 2014 21 12 24 0.16 
27 03 2014 21 12 24 0.31 
27 03 2014 21 12 25 0.10 
27 03 2014 21 12 25 0.32 
27 03 2014 21 12 25 0.08 
27 03 2014 21 12 26 0.13 
27 03 2014 21 12 28 0.08 
27 03 2014 21 12 28 0.47 
27 03 2014 21 12 29 0.09 
27 03 2014 21 12 29 0.06 
27 03 2014 21 12 29 0.41 
27 03 2014 21 12 29 0.33 
27 03 2014 21 12 29 0.07 
27 03 2014 21 12 30 0.53 
27 03 2014 21 12 30 0.70 
27 03 2014 21 12 30 0.64 
27 03 2014 21 12 31 0.06 
27 03 2014 21 12 32 0.65 
27 03 2014 21 12 32 0.52 
27 03 2014 21 12 33 0.09 
27 03 2014 21 12 33 0.15 
27 03 2014 21 12 34 0.06 
27 03 2014 21 12 35 1.76 
27 03 2014 21 12 35 0.58 
27 03 2014 21 12 36 0.22 
27 03 2014 21 12 36 0.13 
27 03 2014 21 12 36 1.93 
27 03 2014 21 12 37 0.88 
27 03 2014 21 12 37 0.00 
27 03 2014 21 12 37 0.30 
27 03 2014 21 12 37 0.15 
27 03 2014 21 12 38 0.10 
27 03 2014 21 12 38 0.08 
27 03 2014 21 12 38 0.13 
27 03 2014 21 12 38 0.07 
27 03 2014 21 12 38 0.21 
27 03 2014 21 12 39 0.16 
27 03 2014 21 12 40 0.41 
27 03 2014 21 12 40 3.30 
27 03 2014 21 12 41 1.03 
27 03 2014 21 12 42 0.16 
27 03 2014 21 12 42 2.73 
27 03 2014 21 12 43 0.38 
27 03 2014 21 12 43 0.29 
27 03 2014 21 12 43 1.55 
27 03 2014 21 12 43 0.12 
27 03 2014 21 12 43 0.09 
27 03 2014 21 12 44 1.65 
27 03 2014 21 12 44 0.15 
27 03 2014 21 12 44 0.50 
27 03 2014 21 12 45 0.05 
27 03 2014 21 12 46 0.12 
27 03 2014 21 12 46 0.84 
27 03 2014 21 12 47 0.11 
27 03 2014 21 12 47 0.21 
27 03 2014 21 12 47 0.64 
27 03 2014 21 12 48 0.07 
27 03 2014 21 12 48 0.17 
27 03 2014 21 12 49 0.77 
27 03 2014 21 12 51 0.42 
27 03 2014 21 12 51 0.23 
27 03 2014 21 12 52 0.55 
27 03 2014 21 12 52 0.00 
27 03 2014 21 12 53 0.06 
27 03 2014 21 12 53 1.36 
27 03 2014 21 12 53 0.59 
27 03 2014 21 12 53 0.06 
27 03 2014 21 12 54 0.09 
27 03 2014 21 12 54 0.28 
27 03 2014 21 12 55 0.63 
27 03 2014 21 12 56 0.67 
27 03 2014 21 12 56 0.05 
27 03 2014 21 12 56 0.10 
27 03 2014 21 12 57 0.25 
27 03 2014 21 12 57 0.26 
27 03 2014 21 12 57 0.07 
27 03 2014 21 12 57 0.16 
27 03 2014 21 12 58 0.11 
27 03 2014 21 12 58 0.90 
27 03 2014 21 12 59 0.41 
27 03 2014 21 13 00 0.13 
27 03 2014 21 13 00 0.13 
27 03 2014 21 13 01 0.29 
27 03 2014 21 13 01 0.05 
27 03 2014 21 13 03 0.06 
27 03 2014 21 13 04 0.07 
27 03 2014 21 13 04 0.13 
27 03 2014 21 13 04 0.00 
27 03 2014 21 13 04 0.19 
27 03 2014 21 13 05 0.06 
27 03 2014 21 13 05 0.22 
27 03 2014 21 13 06 0.22 
27 03 2014 21 13 06 1.67 
27 03 2014 21 13 06 0.36 
27 03 2014 21 13 07 0.60 
27 03 2014 21 13 07 0.54 
27 03 2014 21 13 07 0.11 
27 03 2014 21 13 07 0.22 
27 03 2014 21 13 08 0.14 
27 03 2014 21 13 08 0.16 
27 03 2014 21 13 09 0.90 
27 03 2014 21 13 10 0.28 
27 03 2014 21 13 10 0.56 
27 03 2014 21 13 11 0.13 
27 03 2014 21 13 11 0.11 
27 03 2014 21 13 11 0.19 
27 03 2014 21 13 12 0.32 
27 03 2014 21 13 12 2.24 
27 03 2014 21 13 13 0.15 
27 03 2014 21 13 14 0.10 
27 03 2014 21 13 14 0.00 
27 03 2014 21 13 14 0.12 
27 03 2014 21 13 15 0.16 
27 03 2014 21 13 15 0.12 
27 03 2014 21 13 15 0.65 
27 03 2014 21 13 16 0.07 
27 03 2014 21 13 16 0.16 
27 03 2014 21 13 18 0.17 
27 03 2014 21 13 19 0.08 
27 03 2014 21 13 20 1.03 
27 03 2014 21 13 20 0.09 
27 03 2014 21 13 20 0.77 
27 03 2014 21 13 22 0.19 
27 03 2014 21 13 22 0.08 
27 03 2014 21 13 23 0.05 
27 03 2014 21 13 23 0.60 
27 03 2014 21 13 23 0.33 
27 03 2014 21 13 25 0.53 
27 03 2014 21 13 25 0.09 
27 03 2014 21 13 26 0.14 
27 03 2014 21 13 27 0.21 
27 03 2014 21 13 29 1.43 
27 03 2014 21 13 29 0.35 
27 03 2014 21 13 29 0.09 
27 03 2014 21 13 30 0.00 
27 03 2014 21 13 30 0.00 
27 03 2014 21 13 30 0.14 
27 03 2014 21 13 31 1.04 
27 03 2014 21 13 32 0.35 
27 03 2014 21 13 32 0.28 
27 03 2014 21 13 33 0.14 
27 03 2014 21 13 33 1.17 
27 03 2014 21 13 34 0.08 
27 03 2014 21 13 34 1.65 
27 03 2014 21 13 34 0.46 
27 03 2014 21 13 35 0.05 
27 03 2014 21 13 35 0.75 
27 03 2014 21 13 36 1.62 
27 03 2014 21 13 36 0.36 
27 03 2014 21 13 37 0.00 
27 03 2014 21 13 37 1.89 
27 03 2014 21 13 38 0.26 
27 03 2014 21 13 38 0.07 
27 03 2014 21 13 38 0.85 
27 03 2014 21 13 39 0.07 
27 03 2014 21 13 39 0.72 
27 03 2014 21 13 40 0.08 
27 03 2014 21 13 41 0.08 
27 03 2014 21 13 42 0.07 
27 03 2014 21 13 42 0.06 
27 03 2014 21 13 42 0.20 
27 03 2014 21 13 42 0.31 
27 03 2014 21 13 45 0.10 
27 03 2014 21 13 45 0.06 
27 03 2014 21 13 45 0.13 
27 03 2014 21 13 45 0.44 
27 03 2014 21 13 46 0.06 
27 03 2014 21 13 46 0.14 
27 03 2014 21 13 47 0.05 
27 03 2014 21 13 48 0.54 
27 03 2014 21 13 48 0.06 
27 03 2014 21 13 49 0.90 
27 03 2014 21 13 50 0.61 
27 03 2014 21 13 51 0.31 
27 03 2014 21 13 53 0.12 
27 03 2014 21 13 54 0.15 
27 03 2014 21 13 55 0.35 
27 03 2014 21 13 55 0.27 
27 03 2014 21 13 57 0.24 
27 03 2014 21 13 57 0.10 
27 03 2014 21 13 58 0.06 
27 03 2014 21 13 58 0.15 
27 03 2014 21 13 58 0.05 
27 03 2014 21 13 58 1.61 
27 03 2014 21 13 58 0.31 
27 03 2014 21 13 59 0.07 
27 03 2014 21 13 59 0.28 
27 03 2014 21 13 59 0.12 
27 03 2014 21 13 59 0.73 
27 03 2014 21 14 00 0.24 
27 03 2014 21 14 01 0.33 
27 03 2014 21 14 02 0.39 
27 03 2014 21 14 02 0.08 
27 03 2014 21 14 03 0.18 
27 03 2014 21 14 03 0.32 
27 03 2014 21 14 05 0.69 
27 03 2014 21 14 06 1.09 
27 03 2014 21 14 07 0.33 
27 03 2014 21 14 09 0.00 
27 03 2014 21 14 11 1.26 
27 03 2014 21 14 13 0.19 
27 03 2014 21 14 13 0.00 
27 03 2014 21 14 13 0.05 
27 03 2014 21 14 14 0.00 
27 03 2014 21 14 15 0.53 
27 03 2014 21 14 16 0.14 
27 03 2014 21 14 17 0.10 
27 03 2014 21 14 18 0.22 
27 03 2014 21 14 18 0.52 
27 03 2014 21 14 18 0.11 
27 03 2014 21 14 18 0.00 
27 03 2014 21 14 19 0.17 
27 03 2014 21 14 21 0.24 
27 03 2014 21 14 22 0.06 
27 03 2014 21 14 22 0.25 
27 03 2014 21 14 22 0.06 
27 03 2014 21 14 22 0.06 
27 03 2014 21 14 23 0.11 
27 03 2014 21 14 23 0.74 
27 03 2014 21 14 24 0.66 
27 03 2014 21 14 25 1.64 
27 03 2014 21 14 26 0.00 
27 03 2014 21 14 26 0.09 
27 03 2014 21 14 26 0.12 
27 03 2014 21 14 27 0.24 
27 03 2014 21 14 29 0.22 
27 03 2014 21 14 29 0.23 
27 03 2014 21 14 30 0.08 
27 03 2014 21 14 30 0.12 
27 03 2014 21 14 30 0.15 
27 03 2014 21 14 32 0.08 
27 03 2014 21 14 33 0.37 
27 03 2014 21 14 33 0.21 
27 03 2014 21 14 34 0.07 
27 03 2014 21 14 35 0.13 
27 03 2014 21 14 36 0.17 
27 03 2014 21 14 36 0.23 
27 03 2014 21 14 37 0.26 
27 03 2014 21 14 41 0.11 
27 03 2014 21 14 41 0.19 
27 03 2014 21 14 42 1.76 
27 03 2014 21 14 45 0.28 
27 03 2014 21 14 45 0.38 
27 03 2014 21 14 47 0.31 
27 03 2014 21 14 47 0.09 
27 03 2014 21 14 49 0.67 
27 03 2014 21 14 50 0.23 
27 03 2014 21 14 52 0.09 
27 03 2014 21 14 52 0.36 
27 03 2014 21 14 54 0.08 
27 03 2014 21 14 55 0.11 
27 03 2014 21 14 58 0.45 
27 03 2014 21 14 58 0.37 
27 03 2014 21 14 59 0.35 
27 03 2014 21 14 59 0.15 
27 03 2014 21 15 00 0.15 
27 03 2014 21 15 00 0.15 
27 03 2014 21 15 01 0.21 
27 03 2014 21 15 02 0.54 
27 03 2014 21 15 03 0.08 
27 03 2014 21 15 04 0.07 
27 03 2014 21 15 05 0.20 
27 03 2014 21 15 06 0.16 
27 03 2014 21 15 07 0.22 
27 03 2014 21 15 08 0.28 
27 03 2014 21 15 08 0.06 
27 03 2014 21 15 12 0.27 
27 03 2014 21 15 13 0.51 
27 03 2014 21 15 15 0.21 
27 03 2014 21 15 18 0.09 
27 03 2014 21 15 18 0.17 
27 03 2014 21 15 18 0.38 
27 03 2014 21 15 19 0.15 
27 03 2014 21 15 19 0.36 
27 03 2014 21 15 20 0.15 
27 03 2014 21 15 21 0.05 
27 03 2014 21 15 22 0.10 
27 03 2014 21 15 22 0.83 
27 03 2014 21 15 22 0.15 
27 03 2014 21 15 23 0.06 
27 03 2014 21 15 24 0.17 
27 03 2014 21 15 24 0.13 
27 03 2014 21 15 26 1.92 
27 03 2014 21 15 27 0.12 
27 03 2014 21 15 29 0.08 
27 03 2014 21 15 30 0.11 
27 03 2014 21 15 30 0.13 
27 03 2014 21 15 31 0.07 
27 03 2014 21 15 31 1.34 
27 03 2014 21 15 31 0.18 
27 03 2014 21 15 33 0.16 
27 03 2014 21 15 33 0.08 
27 03 2014 21 15 33 0.23 
27 03 2014 21 15 34 0.11 
27 03 2014 21 15 37 0.86 
27 03 2014 21 15 38 0.76 
27 03 2014 21 15 39 0.17 
27 03 2014 21 15 39 0.11 
27 03 2014 21 15 40 0.77 
27 03 2014 21 15 41 0.32 
27 03 2014 21 15 41 0.83 
27 03 2014 21 15 41 0.29 
27 03 2014 21 15 42 0.17 
27 03 2014 21 15 42 0.10 
27 03 2014 21 15 43 0.38 
27 03 2014 21 15 43 0.00 
27 03 2014 21 15 43 0.10 
27 03 2014 21 15 43 0.06 
27 03 2014 21 15 44 1.62 
27 03 2014 21 15 44 0.49 
27 03 2014 21 15 45 1.98 
27 03 2014 21 15 46 0.78 
27 03 2014 21 15 47 0.37 
27 03 2014 21 15 47 0.00 
27 03 2014 21 15 48 0.00 
27 03 2014 21 15 50 0.08 
27 03 2014 21 15 51 0.76 
27 03 2014 21 15 51 0.32 
27 03 2014 21 15 53 0.00 
27 03 2014 21 15 54 0.10 
27 03 2014 21 15 54 0.15 
27 03 2014 21 15 54 0.13 
27 03 2014 21 15 56 0.09 
27 03 2014 21 15 57 0.16 
27 03 2014 21 15 57 0.10 
27 03 2014 21 15 58 0.36 
27 03 2014 21 15 59 0.06 
27 03 2014 21 15 59 0.10 
27 03 2014 21 16 01 0.06 
27 03 2014 21 16 01 0.05 
27 03 2014 21 16 01 0.19 
27 03 2014 21 16 03 0.21 
27 03 2014 21 16 03 1.22 
27 03 2014 21 16 04 0.09 
27 03 2014 21 16 04 0.09 
27 03 2014 21 16 06 0.51 
27 03 2014 21 16 07 0.08 
27 03 2014 21 16 08 0.58 
27 03 2014 21 16 08 0.37 
27 03 2014 21 16 10 0.19 
27 03 2014 21 16 11 0.16 
27 03 2014 21 16 12 0.32 
27 03 2014 21 16 12 0.12 
27 03 2014 21 16 13 0.05 
27 03 2014 21 16 15 0.06 
27 03 2014 21 16 17 0.12 
27 03 2014 21 16 17 1.49 
27 03 2014 21 16 18 0.05 
27 03 2014 21 16 21 0.53 
27 03 2014 21 16 23 0.27 
27 03 2014 21 16 24 0.45 
27 03 2014 21 16 25 0.55 
27 03 2014 21 16 26 0.52 
27 03 2014 21 16 26 0.14 
27 03 2014 21 16 26 0.12 
27 03 2014 21 16 31 0.08 
27 03 2014 21 16 31 0.34 
27 03 2014 21 16 31 0.45 
27 03 2014 21 16 32 0.25 
27 03 2014 21 16 33 0.05 
27 03 2014 21 16 34 0.15 
27 03 2014 21 16 40 0.48 
27 03 2014 21 16 41 0.06 
27 03 2014 21 16 42 0.22 
27 03 2014 21 16 42 0.07 
27 03 2014 21 16 42 0.15 
27 03 2014 21 16 44 0.52 
27 03 2014 21 16 45 0.06 
27 03 2014 21 16 46 0.05 
27 03 2014 21 16 47 0.21 
27 03 2014 21 16 47 0.34 
27 03 2014 21 16 48 0.52 
27 03 2014 21 16 50 0.09 
27 03 2014 21 16 50 0.06 
27 03 2014 21 16 50 0.53 
27 03 2014 21 16 52 0.20 
27 03 2014 21 16 55 0.08 
27 03 2014 21 16 55 0.09 
27 03 2014 21 16 55 0.20 
27 03 2014 21 16 56 0.30 
27 03 2014 21 16 56 0.11 
27 03 2014 21 16 57 0.45 
27 03 2014 21 16 59 0.33 
27 03 2014 21 17 01 0.56 
27 03 2014 21 17 02 0.65 
27 03 2014 21 17 03 0.09 
27 03 2014 21 17 06 0.53 
27 03 2014 21 17 06 0.17 
27 03 2014 21 17 06 0.10 
27 03 2014 21 17 11 0.05 
27 03 2014 21 17 11 0.18 
27 03 2014 21 17 12 0.09 
27 03 2014 21 17 14 0.39 
27 03 2014 21 17 14 0.15 
27 03 2014 21 17 15 0.05 
27 03 2014 21 17 16 0.15 
27 03 2014 21 17 16 0.07 
27 03 2014 21 17 17 0.35 
27 03 2014 21 17 17 0.06 
27 03 2014 21 17 17 0.30 
27 03 2014 21 17 18 0.00 
27 03 2014 21 17 20 0.15 
27 03 2014 21 17 20 0.00 
27 03 2014 21 17 21 0.26 
27 03 2014 21 17 23 0.06 
27 03 2014 21 17 23 0.56 
27 03 2014 21 17 24 0.13 
27 03 2014 21 17 25 0.28 
27 03 2014 21 17 25 0.12 
27 03 2014 21 17 28 0.46 
27 03 2014 21 17 29 0.20 
27 03 2014 21 17 29 0.33 
27 03 2014 21 17 30 0.05 
27 03 2014 21 17 30 0.07 
27 03 2014 21 17 31 0.16 
27 03 2014 21 17 34 0.06 
27 03 2014 21 17 34 0.98 
27 03 2014 21 17 34 0.05 
27 03 2014 21 17 38 0.10 
27 03 2014 21 17 38 0.08 
27 03 2014 21 17 38 0.20 
27 03 2014 21 17 38 0.11 
27 03 2014 21 17 39 0.06 
27 03 2014 21 17 43 0.16 
27 03 2014 21 17 48 0.24 
27 03 2014 21 17 48 0.07 
27 03 2014 21 17 51 0.09 
27 03 2014 21 17 52 0.12 
27 03 2014 21 17 52 0.05 
27 03 2014 21 17 58 0.68 
27 03 2014 21 18 00 0.13 
27 03 2014 21 18 05 0.07 
27 03 2014 21 18 19 0.31 
27 03 2014 21 18 21 0.08 
27 03 2014 21 18 29 0.36 
27 03 2014 21 18 30 0.08 
27 03 2014 21 18 34 0.08 
27 03 2014 21 18 35 0.08 
27 03 2014 21 18 37 0.41 
27 03 2014 21 18 37 0.24 
27 03 2014 21 18 38 0.76 
27 03 2014 21 18 40 0.29 
27 03 2014 21 18 41 0.30 
27 03 2014 21 18 46 0.08 
27 03 2014 21 18 47 0.06 
27 03 2014 21 18 48 0.19 
27 03 2014 21 18 49 0.15 
27 03 2014 21 18 51 0.06 
27 03 2014 21 18 55 0.22 
27 03 2014 21 18 56 0.16 
27 03 2014 21 18 59 2.30 
27 03 2014 21 19 00 0.06 
27 03 2014 21 19 02 0.01 
27 03 2014 21 19 02 0.40 
27 03 2014 21 19 03 0.17 
27 03 2014 21 19 05 1.43 
27 03 2014 21 19 05 0.31 
27 03 2014 21 19 05 0.07 
27 03 2014 21 19 05 0.21 
27 03 2014 21 19 05 0.33 
27 03 2014 21 19 06 0.67 
27 03 2014 21 19 06 0.38 
27 03 2014 21 19 07 1.49 
27 03 2014 21 19 08 1.30 
27 03 2014 21 19 09 0.25 
27 03 2014 21 19 10 0.05 
27 03 2014 21 19 13 0.10 
27 03 2014 21 19 13 1.10 
27 03 2014 21 19 13 2.17 
27 03 2014 21 19 14 1.08 
27 03 2014 21 19 15 0.10 
27 03 2014 21 19 15 3.30 
27 03 2014 21 19 15 1.99 
27 03 2014 21 19 16 1.18 
27 03 2014 21 19 16 0.19 
27 03 2014 21 19 16 0.61 
27 03 2014 21 19 16 0.12 
27 03 2014 21 19 17 0.00 
27 03 2014 21 19 17 0.71 
27 03 2014 21 19 17 0.85 
27 03 2014 21 19 18 0.86 
27 03 2014 21 19 18 0.89 
27 03 2014 21 19 19 0.08 
27 03 2014 21 19 19 0.31 
27 03 2014 21 19 19 0.07 
27 03 2014 21 19 19 0.48 
27 03 2014 21 19 21 0.17 
27 03 2014 21 19 21 0.14 
27 03 2014 21 19 21 0.05 
27 03 2014 21 19 22 0.49 
27 03 2014 21 19 22 1.52 
27 03 2014 21 19 23 0.75 
27 03 2014 21 19 23 0.16 
27 03 2014 21 19 23 0.00 
27 03 2014 21 19 23 1.54 
27 03 2014 21 19 24 0.56 
27 03 2014 21 19 24 1.00 
27 03 2014 21 19 24 0.06 
27 03 2014 21 19 24 0.82 
27 03 2014 21 19 25 0.07 
27 03 2014 21 19 25 0.15 
27 03 2014 21 19 26 0.05 
27 03 2014 21 19 26 0.11 
27 03 2014 21 19 27 0.84 
27 03 2014 21 19 28 0.21 
27 03 2014 21 19 28 0.08 
27 03 2014 21 19 29 0.11 
27 03 2014 21 19 29 0.97 
27 03 2014 21 19 30 0.10 
27 03 2014 21 19 30 0.40 
27 03 2014 21 19 31 0.92 
27 03 2014 21 19 31 1.27 
27 03 2014 21 19 31 0.37 
27 03 2014 21 19 32 0.28 
27 03 2014 21 19 32 0.38 
27 03 2014 21 19 33 0.34 
27 03 2014 21 19 33 1.18 
27 03 2014 21 19 34 0.72 
27 03 2014 21 19 34 0.00 
27 03 2014 21 19 34 0.00 
27 03 2014 21 19 35 0.93 
27 03 2014 21 19 37 0.24 
27 03 2014 21 19 37 0.24 
27 03 2014 21 19 38 0.06 
27 03 2014 21 19 38 0.16 
27 03 2014 21 19 38 0.09 
27 03 2014 21 19 38 0.62 
27 03 2014 21 19 40 0.13 
27 03 2014 21 19 40 0.12 
27 03 2014 21 19 41 0.02 
27 03 2014 21 19 42 0.06 
27 03 2014 21 19 42 0.08 
27 03 2014 21 19 42 0.00 
27 03 2014 21 19 43 0.06 
27 03 2014 21 19 44 0.05 
27 03 2014 21 19 45 0.28 
27 03 2014 21 19 47 0.24 
27 03 2014 21 19 47 0.50 
27 03 2014 21 19 48 0.00 
27 03 2014 21 19 50 1.13 
27 03 2014 21 19 53 0.23 
27 03 2014 21 19 53 0.06 
27 03 2014 21 19 53 0.15 
27 03 2014 21 19 55 1.81 
27 03 2014 21 19 55 2.55 
27 03 2014 21 19 56 0.88 
27 03 2014 21 19 56 0.23 
27 03 2014 21 19 56 0.78 
27 03 2014 21 19 57 1.60 
27 03 2014 21 19 57 0.08 
27 03 2014 21 19 57 0.65 
27 03 2014 21 19 58 0.16 
27 03 2014 21 19 58 0.07 
27 03 2014 21 19 59 0.15 
27 03 2014 21 19 59 0.83 
27 03 2014 21 20 00 0.09 
27 03 2014 21 20 00 2.45 
27 03 2014 21 20 01 0.12 
27 03 2014 21 20 01 0.07 
27 03 2014 21 20 02 0.11 
27 03 2014 21 20 02 1.33 
27 03 2014 21 20 02 0.49 
27 03 2014 21 20 03 0.84 
27 03 2014 21 20 04 0.00 
27 03 2014 21 20 05 0.24 
27 03 2014 21 20 06 0.00 
27 03 2014 21 20 06 0.05 
27 03 2014 21 20 07 0.07 
27 03 2014 21 20 07 0.22 
27 03 2014 21 20 09 2.29 
27 03 2014 21 20 10 0.06 
27 03 2014 21 20 10 0.09 
27 03 2014 21 20 10 0.10 
27 03 2014 21 20 14 0.07 
27 03 2014 21 20 14 3.09 
27 03 2014 21 20 15 0.06 
27 03 2014 21 20 16 0.05 
27 03 2014 21 20 18 0.19 
27 03 2014 21 20 19 0.08 
27 03 2014 21 20 20 0.35 
27 03 2014 21 20 20 1.36 
27 03 2014 21 20 20 0.45 
27 03 2014 21 20 21 0.19 
27 03 2014 21 20 21 0.06 
27 03 2014 21 20 22 0.46 
27 03 2014 21 20 23 0.34 
27 03 2014 21 20 25 0.41 
27 03 2014 21 20 27 0.75 
27 03 2014 21 20 29 1.63 
27 03 2014 21 20 29 0.10 
27 03 2014 21 20 32 0.89 
27 03 2014 21 20 33 0.07 
27 03 2014 21 20 33 1.93 
27 03 2014 21 20 33 0.54 
27 03 2014 21 20 33 0.07 
27 03 2014 21 20 33 0.10 
27 03 2014 21 20 34 0.20 
27 03 2014 21 20 35 1.01 
27 03 2014 21 20 36 0.07 
27 03 2014 21 20 37 1.01 
27 03 2014 21 20 38 0.07 
27 03 2014 21 20 38 0.06 
27 03 2014 21 20 38 0.47 
27 03 2014 21 20 39 0.00 
27 03 2014 21 20 39 0.06 
27 03 2014 21 20 40 0.46 
27 03 2014 21 20 41 0.22 
27 03 2014 21 20 43 0.31 
27 03 2014 21 20 44 0.58 
27 03 2014 21 20 45 0.08 
27 03 2014 21 20 45 0.32 
27 03 2014 21 20 46 0.92 
27 03 2014 21 20 47 0.65 
27 03 2014 21 20 47 3.30 
27 03 2014 21 20 48 0.60 
27 03 2014 21 20 48 0.40 
27 03 2014 21 20 48 0.29 
27 03 2014 21 20 49 0.46 
27 03 2014 21 20 50 0.88 
27 03 2014 21 20 50 0.07 
27 03 2014 21 20 51 0.67 
27 03 2014 21 20 52 0.34 
27 03 2014 21 20 53 0.25 
27 03 2014 21 20 53 2.06 
27 03 2014 21 20 53 0.25 
27 03 2014 21 20 53 0.76 
27 03 2014 21 20 54 0.00 
27 03 2014 21 20 55 0.00 
27 03 2014 21 20 55 0.48 
27 03 2014 21 20 56 0.06 
27 03 2014 21 20 56 0.17 
27 03 2014 21 20 57 0.09 
27 03 2014 21 20 58 0.29 
27 03 2014 21 20 59 0.06 
27 03 2014 21 21 00 0.15 
27 03 2014 21 21 00 0.38 
27 03 2014 21 21 00 0.49 
27 03 2014 21 21 01 0.31 
27 03 2014 21 21 01 0.07 
27 03 2014 21 21 01 0.62 
27 03 2014 21 21 02 0.00 
27 03 2014 21 21 03 0.63 
27 03 2014 21 21 03 0.21 
27 03 2014 21 21 03 0.24 
27 03 2014 21 21 04 0.25 
27 03 2014 21 21 04 0.13 
27 03 2014 21 21 05 1.40 
27 03 2014 21 21 05 1.98 
27 03 2014 21 21 06 0.21 
27 03 2014 21 21 07 0.17 
27 03 2014 21 21 07 0.20 
27 03 2014 21 21 07 1.55 
27 03 2014 21 21 07 0.16 
27 03 2014 21 21 08 0.73 
27 03 2014 21 21 08 0.73 
27 03 2014 21 21 10 0.07 
27 03 2014 21 21 11 0.23 
27 03 2014 21 21 13 0.55 
27 03 2014 21 21 13 0.20 
27 03 2014 21 21 16 0.38 
27 03 2014 21 21 16 0.18 
27 03 2014 21 21 16 0.16 
27 03 2014 21 21 17 0.08 
27 03 2014 21 21 20 0.46 
27 03 2014 21 21 20 0.10 
27 03 2014 21 21 21 1.13 
27 03 2014 21 21 21 0.37 
27 03 2014 21 21 22 1.17 
27 03 2014 21 21 22 0.20 
27 03 2014 21 21 23 0.11 
27 03 2014 21 21 23 0.36 
27 03 2014 21 21 23 1.01 
27 03 2014 21 21 23 0.06 
27 03 2014 21 21 24 0.43 
27 03 2014 21 21 25 0.23 
27 03 2014 21 21 25 0.13 
27 03 2014 21 21 25 0.16 
27 03 2014 21 21 25 0.53 
27 03 2014 21 21 27 1.62 
27 03 2014 21 21 27 0.11 
27 03 2014 21 21 29 1.38 
27 03 2014 21 21 29 0.24 
27 03 2014 21 21 29 0.29 
27 03 2014 21 21 29 0.41 
27 03 2014 21 21 30 1.52 
27 03 2014 21 21 30 1.54 
27 03 2014 21 21 31 0.24 
27 03 2014 21 21 31 0.36 
27 03 2014 21 21 31 0.12 
27 03 2014 21 21 32 0.16 
27 03 2014 21 21 32 0.47 
27 03 2014 21 21 34 0.09 
27 03 2014 21 21 35 0.09 
27 03 2014 21 21 36 0.54 
27 03 2014 21 21 36 0.00 
27 03 2014 21 21 36 0.44 
27 03 2014 21 21 36 0.08 
27 03 2014 21 21 37 0.09 
27 03 2014 21 21 37 0.80 
27 03 2014 21 21 38 0.15 
27 03 2014 21 21 40 1.20 
27 03 2014 21 21 43 1.37 
27 03 2014 21 21 43 0.31 
27 03 2014 21 21 43 0.07 
27 03 2014 21 21 43 0.23 
27 03 2014 21 21 44 0.51 
27 03 2014 21 21 45 0.18 
27 03 2014 21 21 45 0.07 
27 03 2014 21 21 47 3.30 
27 03 2014 21 21 47 1.79 
27 03 2014 21 21 47 0.06 
27 03 2014 21 21 48 1.74 
27 03 2014 21 21 49 2.30 
27 03 2014 21 21 49 0.18 
27 03 2014 21 21 50 0.45 
27 03 2014 21 21 51 0.17 
27 03 2014 21 21 51 1.56 
27 03 2014 21 21 53 0.12 
27 03 2014 21 21 53 0.06 
27 03 2014 21 21 53 0.17 
27 03 2014 21 21 53 0.00 
27 03 2014 21 21 54 0.41 
27 03 2014 21 21 55 0.17 
27 03 2014 21 21 55 0.33 
27 03 2014 21 21 58 0.08 
27 03 2014 21 21 58 0.08 
27 03 2014 21 21 59 0.07 
27 03 2014 21 22 01 0.05 
27 03 2014 21 22 01 0.13 
27 03 2014 21 22 01 0.80 
27 03 2014 21 22 03 0.07 
27 03 2014 21 22 03 1.32 
27 03 2014 21 22 04 0.31 
27 03 2014 21 22 05 1.70 
27 03 2014 21 22 05 0.18 
27 03 2014 21 22 06 0.06 
27 03 2014 21 22 07 0.46 
27 03 2014 21 22 08 0.83 
27 03 2014 21 22 08 0.06 
27 03 2014 21 22 09 1.20 
27 03 2014 21 22 09 0.08 
27 03 2014 21 22 09 0.32 
27 03 2014 21 22 10 1.26 
27 03 2014 21 22 10 0.05 
27 03 2014 21 22 11 0.35 
27 03 2014 21 22 11 0.41 
27 03 2014 21 22 11 0.20 
27 03 2014 21 22 12 1.10 
27 03 2014 21 22 13 0.10 
27 03 2014 21 22 13 0.06 
27 03 2014 21 22 14 1.85 
27 03 2014 21 22 20 0.00 
27 03 2014 21 22 20 3.30 
27 03 2014 21 22 21 0.17 
27 03 2014 21 22 25 1.05 
27 03 2014 21 22 25 0.56 
27 03 2014 21 22 27 0.06 
27 03 2014 21 22 27 1.83 
27 03 2014 21 22 27 0.00 
27 03 2014 21 22 28 1.16 
27 03 2014 21 22 30 0.67 
27 03 2014 21 22 30 0.10 
27 03 2014 21 22 32 0.07 
27 03 2014 21 22 34 0.86 
27 03 2014 21 22 36 0.07 
27 03 2014 21 22 36 0.35 
27 03 2014 21 22 37 0.00 
27 03 2014 21 22 37 0.09 
27 03 2014 21 22 45 0.22 
27 03 2014 21 22 48 1.05 
27 03 2014 21 22 48 0.11 
27 03 2014 21 22 52 0.07 
27 03 2014 21 22 58 0.60 
27 03 2014 21 23 05 0.09 
27 03 2014 21 23 11 0.47 
27 03 2014 21 23 12 0.05 
27 03 2014 21 23 13 0.26 
27 03 2014 21 23 14 0.12 
27 03 2014 21 23 15 0.32 
27 03 2014 21 23 26 0.05 
27 03 2014 21 23 30 0.27 
27 03 2014 21 23 35 0.21 
27 03 2014 21 23 39 0.07 
27 03 2014 21 23 40 0.21 
27 03 2014 21 23 44 0.12 
27 03 2014 21 23 48 0.16 
27 03 2014 21 23 49 0.46 
27 03 2014 21 23 52 0.21 
27 03 2014 21 23 52 0.13 
27 03 2014 21 23 54 0.17 
27 03 2014 21 23 56 0.07 
27 03 2014 21 23 57 0.21 
27 03 2014 21 23 58 0.13 
27 03 2014 21 24 04 0.10 
27 03 2014 21 24 04 0.16 
27 03 2014 21 24 21 0.11 
27 03 2014 21 25 27 0.29 
27 03 2014 21 25 41 0.05 
27 03 2014 21 26 34 0.05 
27 03 2014 22 31 25 0.06 
27 03 2014 22 40 37 0.06 
27 03 2014 22 40 44 0.05 
27 03 2014 22 43 59 0.09 
27 03 2014 22 44 32 0.08 
27 03 2014 22 49 19 0.11 
27 03 2014 22 50 14 0.13 
27 03 2014 22 50 19 0.26 
27 03 2014 22 52 36 0.19 
27 03 2014 22 53 08 0.13 
27 03 2014 22 53 08 0.22 
27 03 2014 22 54 49 0.15 
27 03 2014 22 59 56 0.07 
27 03 2014 23 01 25 0.05 
27 03 2014 23 02 02 0.05 
27 03 2014 23 02 02 0.07 
27 03 2014 23 02 43 0.07 
27 03 2014 23 07 50 0.12 
27 03 2014 23 08 14 0.07 
27 03 2014 23 13 29 0.05 
27 03 2014 23 18 13 0.06 
27 03 2014 23 18 35 0.17 
27 03 2014 23 18 42 0.16 
27 03 2014 23 18 43 0.07 
27 03 2014 23 18 55 0.15 
27 03 2014 23 19 03 0.05 
27 03 2014 23 19 11 0.10 
27 03 2014 23 19 32 0.09 
27 03 2014 23 19 40 0.06 
27 03 2014 23 19 57 0.19 
27 03 2014 23 19 58 0.32 
27 03 2014 23 20 33 0.13 
27 03 2014 23 20 33 0.25 
27 03 2014 23 20 34 0.29 
27 03 2014 23 20 45 0.49 
27 03 2014 23 20 52 0.15 
27 03 2014 23 20 56 0.11 
27 03 2014 23 20 58 0.10 
27 03 2014 23 21 31 0.08 
27 03 2014 23 21 37 0.09 
27 03 2014 23 22 06 0.12 
27 03 2014 23 22 35 0.24 
27 03 2014 23 24 03 0.05 
27 03 2014 23 24 13 0.10 
27 03 2014 23 24 16 0.15 
27 03 2014 23 24 47 0.09 
27 03 2014 23 24 51 0.09 
27 03 2014 23 24 59 0.06 
27 03 2014 23 25 00 0.31 
27 03 2014 23 25 01 0.31 
27 03 2014 23 25 22 0.07 
27 03 2014 23 29 14 0.41 