-8	-8	35	74	39	59	43	70	108	117	14	14	49	81	59	43	8	5	1	-8	-8	-8	-8	-8	-8	-8	-8	-8	-8	-8	-8	-8
-8	-8	31	63	40	61	46	74	118	100	21	9	37	73	50	16	3	1	-8	-8	-8	-8	-8	-8	-8	-8	-8	-8	-8	-8	-8	-8
-8	-8	20	46	31	46	40	56	87	96	49	4	15	68	44	24	3	1	-8	-8	-8	-8	-8	-8	-8	-8	-8	-8	-8	-8	-8	-8
-8	-8	12	27	35	56	50	48	96	78	26	2	26	58	41	25	-8	-8	-8	-8	-8	-8	-8	-8	-8	-8	-8	-8	-8	-8	-8	-8
-8	-8	11	38	28	62	21	60	83	85	16	2	29	68	39	14	2	1	-8	-8	-8	-8	-8	-8	-8	-8	-8	-8	-8	-8	-8	-8
-8	-8	7	29	28	50	24	32	86	72	38	2	18	83	43	36	1	1	1	-8	-8	-8	-8	-8	-8	-8	-8	-8	-8	-8	-8	-8
-8	-8	6	57	32	55	29	67	122	115	18	3	27	85	55	40	2	4	-8	-8	-8	-8	-8	-8	-8	-8	-8	-8	-8	-8	-8	-8
-8	-8	12	36	47	68	30	65	108	112	22	1	28	75	42	19	2	-8	-8	-8	-8	-8	-8	-8	-8	-8	-8	-8	-8	-8	-8	-8
-8	-8	9	30	27	59	20	60	99	100	23	4	16	57	40	22	1	-8	-8	-8	-8	-8	-8	-8	-8	-8	-8	-8	-8	-8	-8	-8
-8	-8	9	27	26	53	24	53	104	113	37	2	25	69	34	9	2	-8	-8	-8	-8	-8	-8	-8	-8	-8	-8	-8	-8	-8	-8	-8
-8	-8	7	24	34	43	22	80	123	137	26	-8	14	22	3	2	-8	-8	-8	-8	-8	-8	-8	-8	-8	-8	-8	-8	-8	-8	-8	-8
-8	-8	7	35	25	48	12	64	120	123	13	3	10	14	4	-8	-8	-8	-8	-8	-8	-8	-8	-8	-8	-8	-8	-8	-8	-8	-8	-8
-8	-8	3	30	33	27	22	51	113	96	18	2	3	13	3	1	-8	-8	-8	-8	-8	-8	-8	-8	-8	-8	-8	-8	-8	-8	-8	-8
-8	-8	6	31	28	42	17	71	112	79	5	1	3	4	3	1	-8	-8	-8	-8	-8	-8	-8	-8	-8	-8	-8	-8	-8	-8	-8	-8
-8	-8	3	38	28	30	13	44	91	90	15	1	3	10	7	2	-8	-8	-8	-8	-8	-8	-8	-8	-8	-8	-8	-8	-8	-8	-8	-8
-8	-8	17	37	36	47	20	62	77	85	11	-8	8	14	9	-8	-8	-8	-8	-8	-8	-8	-8	-8	-8	-8	-8	-8	-8	-8	-8	-8
-8	-8	6	30	42	43	28	69	77	61	7	-8	6	7	2	1	-8	-8	-8	-8	-8	-8	-8	-8	-8	-8	-8	-8	-8	-8	-8	-8
-8	-8	10	27	39	38	14	69	74	47	9	-8	6	8	5	2	-8	-8	-8	-8	-8	-8	-8	-8	-8	-8	-8	-8	-8	-8	-8	-8
-8	-8	9	27	23	59	27	66	90	102	21	2	10	18	9	3	-8	-8	-8	-8	-8	-8	-8	-8	-8	-8	-8	-8	-8	-8	-8	-8
-8	-8	8	28	26	61	14	55	109	97	19	1	9	12	5	2	-8	-8	-8	-8	-8	-8	-8	-8	-8	-8	-8	-8	-8	-8	-8	-8
-8	-8	9	36	40	48	37	67	116	91	10	1	8	12	4	2	-8	-8	-8	-8	-8	-8	-8	-8	-8	-8	-8	-8	-8	-8	-8	-8
-8	-8	5	23	30	61	21	24	43	75	33	2	1	22	14	8	-8	-8	-8	-8	-8	-8	-8	-8	-8	-8	-8	-8	-8	-8	-8	-8
-8	-8	8	29	38	44	33	57	95	114	26	4	8	19	9	1	2	-8	-8	-8	-8	-8	-8	-8	-8	-8	-8	-8	-8	-8	-8	-8
-8	-8	11	19	30	41	20	50	108	112	37	1	6	17	24	11	1	1	-8	-8	-8	-8	-8	-8	-8	-8	-8	-8	-8	-8	-8	-8
-8	-8	8	30	21	41	10	63	112	101	20	4	11	36	27	14	-8	-8	-8	-8	-8	-8	-8	-8	-8	-8	-8	-8	-8	-8	-8	-8
-8	-8	13	35	23	59	22	47	89	65	15	-8	23	48	31	16	2	-8	-8	-8	-8	-8	-8	-8	-8	-8	-8	-8	-8	-8	-8	-8
-8	-8	16	61	43	64	32	71	103	87	18	2	25	65	41	15	2	-8	-8	-8	-8	-8	-8	-8	-8	-8	-8	-8	-8	-8	-8	-8
-8	-8	13	33	38	60	23	61	96	95	20	2	17	67	33	6	-8	-8	-8	-8	-8	-8	-8	-8	-8	-8	-8	-8	-8	-8	-8	-8
-8	-8	12	31	38	41	45	74	104	114	11	3	27	31	15	6	-8	-8	-8	-8	-8	-8	-8	-8	-8	-8	-8	-8	-8	-8	-8	-8
-8	-8	20	32	34	38	47	85	110	124	17	3	29	34	18	5	-8	1	-8	-8	-8	-8	-8	-8	-8	-8	-8	-8	-8	-8	-8	-8
-8	-8	13	33	37	45	23	90	128	122	14	4	20	33	21	2	1	-8	-8	-8	-8	-8	-8	-8	-8	-8	-8	-8	-8	-8	-8	-8
-8	-8	8	30	41	41	43	110	136	151	10	4	11	5	1	-8	-8	-8	-8	-8	-8	-8	-8	-8	-8	-8	-8	-8	-8	-8	-8	-8
-8	-8	7	26	22	41	11	72	170	114	13	1	2	6	2	1	-8	-8	-8	-8	-8	-8	-8	-8	-8	-8	-8	-8	-8	-8	-8	-8
-8	-8	6	18	40	34	26	84	89	59	4	-8	6	5	3	2	-8	-8	-8	-8	-8	-8	-8	-8	-8	-8	-8	-8	-8	-8	-8	-8
-8	-8	6	29	26	39	16	74	70	59	4	1	2	6	3	-8	-8	-8	-8	-8	-8	-8	-8	-8	-8	-8	-8	-8	-8	-8	-8	-8
-8	-8	4	29	34	26	17	56	70	46	1	2	4	-8	-8	-8	-8	-8	-8	-8	-8	-8	-8	-8	-8	-8	-8	-8	-8	-8	-8	-8
-8	-8	7	18	25	27	18	43	56	37	2	1	1	1	-8	-8	-8	-8	-8	-8	-8	-8	-8	-8	-8	-8	-8	-8	-8	-8	-8	-8
-8	-8	10	20	17	26	20	42	38	36	7	1	-8	1	-8	-8	-8	-8	-8	-8	-8	-8	-8	-8	-8	-8	-8	-8	-8	-8	-8	-8
-8	-8	6	24	16	25	26	48	54	49	3	2	3	1	-8	-8	-8	-8	-8	-8	-8	-8	-8	-8	-8	-8	-8	-8	-8	-8	-8	-8
-8	-8	8	12	29	34	29	60	85	55	3	1	1	1	-8	-8	-8	-8	-8	-8	-8	-8	-8	-8	-8	-8	-8	-8	-8	-8	-8	-8
-8	-8	15	17	28	42	16	71	107	43	3	1	-8	1	-8	-8	-8	-8	-8	-8	-8	-8	-8	-8	-8	-8	-8	-8	-8	-8	-8	-8
-8	-8	7	18	28	45	19	73	93	46	1	-8	-8	-8	-8	-8	-8	-8	-8	-8	-8	-8	-8	-8	-8	-8	-8	-8	-8	-8	-8	-8
-8	-8	3	13	16	22	10	78	75	37	7	1	-8	-8	-8	-8	-8	-8	-8	-8	-8	-8	-8	-8	-8	-8	-8	-8	-8	-8	-8	-8
-8	-8	4	8	12	29	17	34	52	44	8	-8	-8	-8	-8	-8	-8	-8	-8	-8	-8	-8	-8	-8	-8	-8	-8	-8	-8	-8	-8	-8
-8	-8	7	20	23	44	8	59	59	29	1	-8	-8	-8	-8	-8	-8	-8	-8	-8	-8	-8	-8	-8	-8	-8	-8	-8	-8	-8	-8	-8
-8	-8	3	13	22	53	20	55	45	21	2	-8	-8	-8	-8	-8	-8	-8	-8	-8	-8	-8	-8	-8	-8	-8	-8	-8	-8	-8	-8	-8
-8	-8	3	18	28	39	33	48	27	30	-8	-8	-8	-8	-8	-8	-8	-8	-8	-8	-8	-8	-8	-8	-8	-8	-8	-8	-8	-8	-8	-8
-8	-8	1	3	30	39	20	49	53	32	1	-8	-8	-8	-8	-8	-8	-8	-8	-8	-8	-8	-8	-8	-8	-8	-8	-8	-8	-8	-8	-8
-8	-8	2	21	40	43	28	44	48	27	1	-8	1	1	-8	-8	-8	-8	-8	-8	-8	-8	-8	-8	-8	-8	-8	-8	-8	-8	-8	-8
-8	-8	2	22	34	38	28	53	33	13	-8	-8	1	-8	-8	-8	-8	-8	-8	-8	-8	-8	-8	-8	-8	-8	-8	-8	-8	-8	-8	-8
-8	-8	4	17	35	45	19	47	45	23	1	-8	2	2	-8	-8	-8	-8	-8	-8	-8	-8	-8	-8	-8	-8	-8	-8	-8	-8	-8	-8
-8	-8	3	16	35	30	28	49	44	27	-8	4	-8	-8	-8	-8	-8	-8	-8	-8	-8	-8	-8	-8	-8	-8	-8	-8	-8	-8	-8	-8
-8	-8	4	15	30	21	12	32	43	23	5	-8	-8	-8	-8	-8	-8	-8	-8	-8	-8	-8	-8	-8	-8	-8	-8	-8	-8	-8	-8	-8
-8	-8	4	12	21	19	14	28	32	24	2	-8	-8	-8	-8	-8	-8	-8	-8	-8	-8	-8	-8	-8	-8	-8	-8	-8	-8	-8	-8	-8
-8	-8	5	9	11	23	15	45	33	23	1	1	-8	-8	-8	-8	-8	-8	-8	-8	-8	-8	-8	-8	-8	-8	-8	-8	-8	-8	-8	-8
-8	-8	5	13	6	26	14	35	30	7	2	-8	-8	-8	-8	-8	-8	-8	-8	-8	-8	-8	-8	-8	-8	-8	-8	-8	-8	-8	-8	-8
-8	-8	5	7	12	17	26	44	25	12	-8	-8	-8	-8	-8	-8	-8	-8	-8	-8	-8	-8	-8	-8	-8	-8	-8	-8	-8	-8	-8	-8
-8	-8	3	7	13	17	35	38	21	9	-8	-8	-8	-8	-8	-8	-8	-8	-8	-8	-8	-8	-8	-8	-8	-8	-8	-8	-8	-8	-8	-8
-8	-8	4	6	16	19	14	52	20	7	-8	-8	-8	-8	-8	-8	-8	-8	-8	-8	-8	-8	-8	-8	-8	-8	-8	-8	-8	-8	-8	-8
-8	-8	3	2	12	27	15	23	6	6	-8	-8	-8	-8	-8	-8	-8	-8	-8	-8	-8	-8	-8	-8	-8	-8	-8	-8	-8	-8	-8	-8
