-8	-8	1	-8	-8	3	-8	19	18	14	-8	-8	1	-8	-8	-8	-8	-8	-8	-8	-8	-8	-8	-8	-8	-8	-8	-8	-8	-8	-8	-8
-8	-8	-8	1	2	9	11	16	20	12	-8	1	4	3	-8	-8	-8	-8	-8	-8	-8	-8	-8	-8	-8	-8	-8	-8	-8	-8	-8	-8
-8	-8	-8	1	8	8	12	20	21	16	3	2	3	2	1	-8	-8	-8	-8	-8	-8	-8	-8	-8	-8	-8	-8	-8	-8	-8	-8	-8
-8	-8	3	11	5	13	4	8	17	10	4	-8	12	6	10	4	2	4	-8	2	3	-8	-8	-8	-8	-8	-8	-8	-8	-8	-8	-8
-8	-8	-8	2	3	24	1	15	29	22	1	-8	7	3	1	1	-8	-8	-8	-8	-8	-8	-8	-8	-8	-8	-8	-8	-8	-8	-8	-8
-8	-8	4	5	4	12	2	17	25	27	1	1	2	3	3	1	1	-8	-8	-8	-8	-8	-8	-8	-8	-8	-8	-8	-8	-8	-8	-8
-8	-8	1	3	4	8	11	10	18	13	2	-8	1	4	7	2	-8	-8	-8	-8	-8	-8	-8	-8	-8	-8	-8	-8	-8	-8	-8	-8
-8	-8	6	4	7	15	4	8	21	18	2	1	8	15	4	2	-8	-8	-8	-8	-8	-8	-8	-8	-8	-8	-8	-8	-8	-8	-8	-8
-8	-8	10	11	8	21	6	35	40	58	1	-8	16	25	15	5	5	5	5	5	-8	-8	-8	-8	-8	-8	-8	-8	-8	-8	-8	-8
-8	-8	19	36	14	45	23	64	136	116	8	1	45	78	46	33	7	19	10	2	-8	-8	-8	-8	-8	-8	-8	-8	-8	-8	-8	-8
-8	-8	24	35	40	97	46	84	154	123	4	2	14	36	23	15	6	12	1	5	2	-8	-8	-8	-8	-8	-8	-8	-8	-8	-8	-8
-8	-8	25	71	57	124	40	36	72	54	2	2	17	23	20	18	4	15	2	2	-8	-8	-8	-8	-8	-8	-8	-8	-8	-8	-8	-8
-8	-8	24	59	56	77	25	29	69	47	3	2	13	31	23	16	2	4	1	1	-8	-8	-8	-8	-8	-8	-8	-8	-8	-8	-8	-8
-8	-8	15	35	34	42	58	46	71	53	5	8	13	10	6	4	-8	-8	-8	-8	-8	-8	-8	-8	-8	-8	-8	-8	-8	-8	-8	-8
-8	-8	12	35	38	69	49	42	59	47	7	-8	9	17	3	3	-8	-8	-8	-8	-8	-8	-8	-8	-8	-8	-8	-8	-8	-8	-8	-8
-8	-8	16	41	38	92	23	51	32	32	2	1	8	4	-8	-8	-8	-8	-8	-8	-8	-8	-8	-8	-8	-8	-8	-8	-8	-8	-8	-8
-8	-8	19	35	30	78	10	28	65	62	2	-8	3	3	2	3	1	2	1	-8	-8	-8	-8	-8	-8	-8	-8	-8	-8	-8	-8	-8
-8	-8	16	40	10	45	13	66	93	48	-8	3	13	14	6	1	1	1	-8	-8	-8	-8	-8	-8	-8	-8	-8	-8	-8	-8	-8	-8
-8	-8	18	24	11	39	8	49	67	60	-8	-8	8	12	6	3	-8	-8	-8	-8	-8	-8	-8	-8	-8	-8	-8	-8	-8	-8	-8	-8
-8	-8	17	15	11	37	18	33	73	52	1	-8	7	5	7	1	-8	-8	-8	-8	-8	-8	-8	-8	-8	-8	-8	-8	-8	-8	-8	-8
-8	-8	5	15	11	22	5	47	66	32	-8	1	8	4	2	-8	-8	-8	-8	-8	-8	-8	-8	-8	-8	-8	-8	-8	-8	-8	-8	-8
-8	-8	4	29	10	40	9	39	79	56	4	2	3	8	5	6	-8	3	-8	-8	-8	-8	-8	-8	-8	-8	-8	-8	-8	-8	-8	-8
-8	-8	14	26	27	83	19	50	72	54	2	-8	13	8	5	1	-8	-8	-8	-8	-8	-8	-8	-8	-8	-8	-8	-8	-8	-8	-8	-8
-8	-8	21	54	23	102	8	61	50	33	-8	-8	4	14	7	2	-8	-8	-8	-8	-8	-8	-8	-8	-8	-8	-8	-8	-8	-8	-8	-8
-8	-8	26	46	70	66	33	25	23	19	4	2	2	8	3	-8	1	1	-8	-8	-8	-8	-8	-8	-8	-8	-8	-8	-8	-8	-8	-8
-8	-8	16	46	37	48	17	17	27	14	1	1	1	5	2	-8	-8	-8	-8	-8	-8	-8	-8	-8	-8	-8	-8	-8	-8	-8	-8	-8
-8	-8	20	29	22	27	1	17	9	9	-8	-8	3	5	4	1	-8	-8	-8	-8	-8	-8	-8	-8	-8	-8	-8	-8	-8	-8	-8	-8
-8	-8	16	31	15	20	2	7	7	6	-8	-8	2	1	-8	1	-8	-8	-8	-8	-8	-8	-8	-8	-8	-8	-8	-8	-8	-8	-8	-8
-8	-8	10	29	6	6	2	5	9	11	-8	-8	3	5	1	2	-8	-8	-8	-8	-8	-8	-8	-8	-8	-8	-8	-8	-8	-8	-8	-8
-8	-8	1	5	2	4	4	6	12	6	-8	-8	2	6	3	1	-8	-8	-8	-8	-8	-8	-8	-8	-8	-8	-8	-8	-8	-8	-8	-8
-8	-8	2	6	4	11	9	4	11	7	1	-8	4	7	4	2	-8	-8	-8	-8	-8	-8	-8	-8	-8	-8	-8	-8	-8	-8	-8	-8
-8	-8	2	2	2	15	-8	6	12	14	-8	-8	9	8	1	1	-8	-8	-8	-8	-8	-8	-8	-8	-8	-8	-8	-8	-8	-8	-8	-8
-8	-8	1	6	4	10	3	14	15	11	-8	1	2	5	2	1	-8	-8	-8	-8	-8	-8	-8	-8	-8	-8	-8	-8	-8	-8	-8	-8
-8	-8	1	6	2	12	2	11	7	14	-8	-8	2	8	1	-8	-8	-8	-8	-8	-8	-8	-8	-8	-8	-8	-8	-8	-8	-8	-8	-8
-8	-8	3	6	6	17	3	12	18	19	-8	-8	3	6	9	2	1	1	-8	-8	-8	-8	-8	-8	-8	-8	-8	-8	-8	-8	-8	-8
-8	-8	-8	4	2	9	8	4	1	13	1	-8	2	4	4	-8	-8	-8	-8	-8	-8	-8	-8	-8	-8	-8	-8	-8	-8	-8	-8	-8
-8	-8	2	4	3	11	2	5	5	9	2	-8	5	7	4	-8	-8	-8	-8	-8	-8	-8	-8	-8	-8	-8	-8	-8	-8	-8	-8	-8
-8	-8	-8	5	2	9	7	5	11	17	1	-8	2	5	-8	2	1	-8	-8	-8	-8	-8	-8	-8	-8	-8	-8	-8	-8	-8	-8	-8
-8	-8	4	2	7	16	3	14	55	45	2	1	4	8	1	2	-8	-8	-8	-8	-8	-8	-8	-8	-8	-8	-8	-8	-8	-8	-8	-8
-8	-8	3	7	5	21	10	24	55	32	-8	-8	5	9	2	1	-8	1	-8	-8	-8	-8	-8	-8	-8	-8	-8	-8	-8	-8	-8	-8
-8	-8	4	9	3	14	9	22	52	45	-8	-8	3	13	1	1	-8	-8	-8	-8	-8	-8	-8	-8	-8	-8	-8	-8	-8	-8	-8	-8
-8	-8	-8	7	10	17	21	47	80	46	-8	-8	5	2	2	-8	-8	-8	-8	-8	-8	-8	-8	-8	-8	-8	-8	-8	-8	-8	-8	-8
-8	-8	4	1	7	52	13	25	99	54	2	-8	3	6	5	3	-8	-8	-8	-8	-8	-8	-8	-8	-8	-8	-8	-8	-8	-8	-8	-8
-8	-8	18	15	16	48	33	15	74	70	7	3	8	28	29	27	2	2	-8	-8	-8	-8	-8	-8	-8	-8	-8	-8	-8	-8	-8	-8
-8	-8	28	30	21	58	26	49	92	95	1	1	34	68	44	32	6	7	2	1	-8	-8	-8	-8	-8	-8	-8	-8	-8	-8	-8	-8
-8	-8	22	43	51	70	57	132	144	98	3	5	61	75	61	17	15	16	2	2	-8	-8	-8	-8	-8	-8	-8	-8	-8	-8	-8	-8
-8	-8	13	59	45	105	20	75	109	85	2	4	27	45	27	6	3	-8	-8	-8	-8	-8	-8	-8	-8	-8	-8	-8	-8	-8	-8	-8
-8	-8	18	49	31	79	14	77	104	80	3	2	3	2	-8	-8	-8	-8	-8	-8	-8	-8	-8	-8	-8	-8	-8	-8	-8	-8	-8	-8
-8	-8	19	35	22	57	15	65	73	23	-8	-8	-8	-8	-8	-8	-8	-8	-8	-8	-8	-8	-8	-8	-8	-8	-8	-8	-8	-8	-8	-8
-8	-8	5	19	25	46	13	37	11	6	-8	-8	1	1	-8	-8	-8	-8	-8	-8	-8	-8	-8	-8	-8	-8	-8	-8	-8	-8	-8	-8
-8	-8	7	11	20	29	10	20	44	52	1	-8	6	4	2	-8	-8	-8	-8	-8	-8	-8	-8	-8	-8	-8	-8	-8	-8	-8	-8	-8
-8	-8	5	20	13	23	12	31	95	66	1	-8	3	1	-8	-8	-8	-8	-8	-8	-8	-8	-8	-8	-8	-8	-8	-8	-8	-8	-8	-8
-8	-8	3	10	11	13	7	38	76	49	-8	-8	-8	1	-8	-8	-8	-8	-8	-8	-8	-8	-8	-8	-8	-8	-8	-8	-8	-8	-8	-8
-8	-8	3	7	7	30	8	40	41	13	-8	-8	1	-8	2	-8	-8	-8	-8	-8	-8	-8	-8	-8	-8	-8	-8	-8	-8	-8	-8	-8
-8	-8	3	3	11	43	5	18	28	30	-8	1	1	1	-8	-8	-8	-8	-8	-8	-8	-8	-8	-8	-8	-8	-8	-8	-8	-8	-8	-8
-8	-8	1	6	6	40	6	25	56	38	-8	-8	1	-8	-8	-8	-8	-8	-8	-8	-8	-8	-8	-8	-8	-8	-8	-8	-8	-8	-8	-8
-8	-8	4	8	5	18	1	27	56	26	1	-8	9	13	5	1	-8	-8	-8	-8	-8	-8	-8	-8	-8	-8	-8	-8	-8	-8	-8	-8
-8	-8	1	8	12	25	10	46	94	95	2	-8	16	30	20	5	-8	-8	-8	-8	-8	-8	-8	-8	-8	-8	-8	-8	-8	-8	-8	-8
-8	-8	6	12	8	42	15	75	120	104	3	1	32	32	14	2	-8	-8	-8	-8	-8	-8	-8	-8	-8	-8	-8	-8	-8	-8	-8	-8
-8	-8	5	11	13	38	18	71	106	60	1	-8	2	2	-8	-8	-8	-8	-8	-8	-8	-8	-8	-8	-8	-8	-8	-8	-8	-8	-8	-8
