19 03 2014 00 03 33 0.11 
19 03 2014 00 04 29 0.11 
19 03 2014 00 04 45 0.05 
19 03 2014 00 04 53 0.07 
19 03 2014 00 10 56 0.17 
19 03 2014 00 11 05 0.14 
19 03 2014 00 11 22 0.24 
19 03 2014 00 11 47 0.07 
19 03 2014 00 12 38 0.10 
19 03 2014 00 13 00 0.07 
19 03 2014 00 14 40 0.11 
19 03 2014 00 15 07 0.68 
19 03 2014 00 15 49 0.06 
19 03 2014 00 15 59 0.14 
19 03 2014 00 16 14 0.09 
19 03 2014 00 16 24 0.06 
19 03 2014 00 16 35 0.07 
19 03 2014 00 16 41 0.12 
19 03 2014 00 16 50 0.07 
19 03 2014 00 17 16 0.15 
19 03 2014 00 18 01 0.05 
19 03 2014 00 18 19 0.05 
19 03 2014 00 18 28 0.10 
19 03 2014 00 19 04 0.07 
19 03 2014 00 19 09 0.05 
19 03 2014 00 19 27 0.06 
19 03 2014 00 19 47 0.10 
19 03 2014 00 21 56 0.21 
19 03 2014 00 22 48 0.07 
19 03 2014 00 22 54 0.19 
19 03 2014 00 23 08 0.14 
19 03 2014 00 23 20 0.19 
19 03 2014 00 23 48 0.06 
19 03 2014 00 24 03 0.24 
19 03 2014 00 24 03 0.06 
19 03 2014 00 24 33 0.07 
19 03 2014 00 24 46 2.26 
19 03 2014 00 25 34 0.09 
19 03 2014 00 27 50 0.06 
19 03 2014 00 29 27 0.10 
19 03 2014 00 30 12 0.17 
19 03 2014 00 31 09 0.18 
19 03 2014 00 31 52 0.06 
19 03 2014 00 32 21 0.11 
19 03 2014 00 34 26 0.06 
19 03 2014 00 37 09 0.21 
19 03 2014 00 38 09 0.06 
19 03 2014 00 38 23 0.05 
19 03 2014 00 38 24 0.07 
19 03 2014 00 38 30 0.08 
19 03 2014 00 39 12 0.07 
19 03 2014 00 40 24 0.18 
19 03 2014 00 40 44 0.13 
19 03 2014 00 40 47 0.06 
19 03 2014 00 42 15 0.25 
19 03 2014 00 42 23 0.08 
19 03 2014 00 42 41 0.05 
19 03 2014 00 43 35 0.07 
19 03 2014 00 43 42 0.16 
19 03 2014 00 43 46 0.07 
19 03 2014 00 43 50 0.06 
19 03 2014 00 43 54 0.12 
19 03 2014 00 44 39 0.08 
19 03 2014 00 44 58 0.22 
19 03 2014 00 45 43 0.07 
19 03 2014 00 45 43 0.21 
19 03 2014 00 46 00 0.07 
19 03 2014 00 46 11 0.10 
19 03 2014 00 46 41 0.05 
19 03 2014 00 46 42 0.07 
19 03 2014 00 47 36 0.36 
19 03 2014 00 48 18 0.08 
19 03 2014 00 48 22 0.07 
19 03 2014 00 48 41 0.06 
19 03 2014 00 48 57 0.07 
19 03 2014 00 49 40 0.00 
19 03 2014 00 50 16 0.09 
19 03 2014 00 50 22 0.15 
19 03 2014 00 51 25 0.06 
19 03 2014 00 51 34 0.06 
19 03 2014 00 51 41 0.07 
19 03 2014 00 51 50 0.58 
19 03 2014 00 52 34 0.16 
19 03 2014 00 52 35 0.18 
19 03 2014 00 52 38 0.00 
19 03 2014 00 53 06 0.16 
19 03 2014 00 53 07 0.00 
19 03 2014 00 53 21 0.28 
19 03 2014 00 53 30 0.00 
19 03 2014 00 53 44 0.16 
19 03 2014 00 53 44 0.28 
19 03 2014 00 54 18 0.10 
19 03 2014 00 54 56 0.00 
19 03 2014 00 55 19 0.40 
19 03 2014 00 55 25 0.16 
19 03 2014 00 55 25 0.17 
19 03 2014 00 55 36 0.37 
19 03 2014 00 56 04 0.07 
19 03 2014 00 56 16 0.10 
19 03 2014 00 56 17 0.07 
19 03 2014 00 56 22 0.15 
19 03 2014 00 56 23 0.33 
19 03 2014 00 56 28 0.09 
19 03 2014 00 56 32 0.00 
19 03 2014 00 57 22 0.12 
19 03 2014 00 57 33 0.08 
19 03 2014 00 57 33 0.06 
19 03 2014 00 57 49 0.07 
19 03 2014 00 57 49 0.41 
19 03 2014 00 58 01 0.50 
19 03 2014 00 58 19 0.13 
19 03 2014 00 58 23 0.06 
19 03 2014 00 58 29 0.08 
19 03 2014 00 58 53 0.11 
19 03 2014 00 58 56 0.51 
19 03 2014 00 58 58 0.38 
19 03 2014 00 59 01 0.07 
19 03 2014 00 59 02 0.22 
19 03 2014 00 59 05 0.85 
19 03 2014 00 59 14 0.25 
19 03 2014 00 59 14 0.11 
19 03 2014 00 59 15 0.47 
19 03 2014 00 59 20 0.13 
19 03 2014 00 59 24 0.05 
19 03 2014 00 59 26 0.08 
19 03 2014 00 59 27 0.26 
19 03 2014 00 59 37 0.06 
19 03 2014 00 59 44 0.13 
19 03 2014 00 59 47 0.14 
19 03 2014 00 59 54 0.20 
19 03 2014 01 00 09 0.10 
19 03 2014 01 00 11 0.13 
19 03 2014 01 00 18 0.38 
19 03 2014 01 00 25 0.07 
19 03 2014 01 00 30 0.06 
19 03 2014 01 00 31 0.07 
19 03 2014 01 00 44 0.42 
19 03 2014 01 00 45 0.25 
19 03 2014 01 00 56 0.15 
19 03 2014 01 01 01 0.00 
19 03 2014 01 01 34 0.05 
19 03 2014 01 01 44 0.15 
19 03 2014 01 02 02 0.06 
19 03 2014 01 02 12 0.09 
19 03 2014 01 02 31 0.06 
19 03 2014 01 03 08 0.06 
19 03 2014 01 03 11 0.15 
19 03 2014 01 03 17 0.13 
19 03 2014 01 03 27 0.10 
19 03 2014 01 03 27 1.50 
19 03 2014 01 03 35 0.10 
19 03 2014 01 03 41 0.15 
19 03 2014 01 03 47 0.06 
19 03 2014 01 03 57 0.00 
19 03 2014 01 04 05 0.00 
19 03 2014 01 04 11 0.59 
19 03 2014 01 04 11 0.07 
19 03 2014 01 04 25 0.15 
19 03 2014 01 04 28 0.52 
19 03 2014 01 04 30 0.11 
19 03 2014 01 04 34 0.10 
19 03 2014 01 04 36 0.10 
19 03 2014 01 04 40 0.51 
19 03 2014 01 04 42 0.21 
19 03 2014 01 04 59 0.15 
19 03 2014 01 05 04 0.08 
19 03 2014 01 05 08 0.06 
19 03 2014 01 06 49 0.13 
19 03 2014 01 07 09 0.11 
19 03 2014 01 07 13 0.06 
19 03 2014 01 07 25 0.79 
19 03 2014 01 07 36 0.08 
19 03 2014 01 07 46 0.11 
19 03 2014 01 07 50 0.14 
19 03 2014 01 08 02 0.07 
19 03 2014 01 08 06 1.68 
19 03 2014 01 08 12 0.10 
19 03 2014 01 08 12 0.09 
19 03 2014 01 08 14 0.11 
19 03 2014 01 08 17 0.54 
19 03 2014 01 08 27 0.11 
19 03 2014 01 09 00 0.06 
19 03 2014 01 09 08 0.08 
19 03 2014 01 09 10 0.32 
19 03 2014 01 09 10 0.21 
19 03 2014 01 09 11 0.21 
19 03 2014 01 09 13 0.06 
19 03 2014 01 09 27 0.05 
19 03 2014 01 09 29 0.10 
19 03 2014 01 09 35 0.12 
19 03 2014 01 09 53 0.77 
19 03 2014 01 10 06 0.05 
19 03 2014 01 10 10 0.05 
19 03 2014 01 10 12 0.19 
19 03 2014 01 10 24 0.19 
19 03 2014 01 10 34 0.19 
19 03 2014 01 10 35 0.20 
19 03 2014 01 10 59 0.10 
19 03 2014 01 11 46 0.12 
19 03 2014 01 11 51 0.08 
19 03 2014 01 12 39 0.08 
19 03 2014 01 12 41 0.08 
19 03 2014 01 12 43 0.05 
19 03 2014 01 12 50 0.28 
19 03 2014 01 13 17 0.05 
19 03 2014 01 13 30 0.08 
19 03 2014 01 13 52 0.14 
19 03 2014 01 13 56 0.16 
19 03 2014 01 14 14 0.06 
19 03 2014 01 14 21 0.10 
19 03 2014 01 14 38 0.12 
19 03 2014 01 14 50 0.09 
19 03 2014 01 15 28 0.21 
19 03 2014 01 15 48 0.14 
19 03 2014 01 16 01 0.06 
19 03 2014 01 16 32 0.11 
19 03 2014 01 17 26 0.19 
19 03 2014 01 17 33 0.13 
19 03 2014 01 17 59 0.05 
19 03 2014 01 19 02 0.28 
19 03 2014 01 19 30 0.15 
19 03 2014 01 19 43 0.10 
19 03 2014 01 20 09 0.08 
19 03 2014 01 20 30 0.14 
19 03 2014 01 20 38 0.13 
19 03 2014 01 20 47 0.05 
19 03 2014 01 21 14 0.05 
19 03 2014 01 21 17 0.08 
19 03 2014 01 21 22 0.75 
19 03 2014 01 21 39 0.07 
19 03 2014 01 21 43 0.36 
19 03 2014 01 21 46 0.05 
19 03 2014 01 21 54 0.15 
19 03 2014 01 22 06 0.06 
19 03 2014 01 22 10 0.06 
19 03 2014 01 22 14 0.08 
19 03 2014 01 22 22 0.19 
19 03 2014 01 22 43 0.14 
19 03 2014 01 22 44 0.05 
19 03 2014 01 23 11 0.12 
19 03 2014 01 23 17 0.07 
19 03 2014 01 23 39 0.08 
19 03 2014 01 23 45 0.31 
19 03 2014 01 23 52 0.13 
19 03 2014 01 24 04 0.13 
19 03 2014 01 24 26 0.09 
19 03 2014 01 25 09 0.07 
19 03 2014 01 25 50 0.06 
19 03 2014 01 26 07 0.07 
19 03 2014 01 26 33 0.05 
19 03 2014 01 27 18 0.71 
19 03 2014 01 27 20 0.06 
19 03 2014 01 27 23 0.12 
19 03 2014 01 27 30 0.18 
19 03 2014 01 27 33 0.06 
19 03 2014 01 27 48 0.09 
19 03 2014 01 28 07 0.06 
19 03 2014 01 28 34 0.15 
19 03 2014 01 28 41 0.10 
19 03 2014 01 29 02 0.12 
19 03 2014 01 29 07 0.10 
19 03 2014 01 30 18 0.08 
19 03 2014 01 30 24 0.15 
19 03 2014 01 30 31 0.26 
19 03 2014 01 31 34 0.16 
19 03 2014 01 32 36 0.31 
19 03 2014 01 32 40 0.11 
19 03 2014 01 32 53 0.47 
19 03 2014 01 33 04 0.05 
19 03 2014 01 33 07 0.06 
19 03 2014 01 33 11 0.09 
19 03 2014 01 33 26 0.18 
19 03 2014 01 33 33 0.06 
19 03 2014 01 33 52 0.00 
19 03 2014 01 33 58 0.11 
19 03 2014 01 34 01 0.26 
19 03 2014 01 34 05 0.28 
19 03 2014 01 34 07 0.15 
19 03 2014 01 34 10 0.26 
19 03 2014 01 34 11 0.18 
19 03 2014 01 34 27 0.08 
19 03 2014 01 34 36 0.07 
19 03 2014 01 34 38 0.18 
19 03 2014 01 34 39 0.28 
19 03 2014 01 34 40 0.07 
19 03 2014 01 34 52 0.00 
19 03 2014 01 34 54 0.00 
19 03 2014 01 35 25 0.54 
19 03 2014 01 35 29 0.10 
19 03 2014 01 35 33 0.18 
19 03 2014 01 35 37 0.64 
19 03 2014 01 35 37 0.09 
19 03 2014 01 35 37 0.08 
19 03 2014 01 35 44 0.05 
19 03 2014 01 35 48 0.10 
19 03 2014 01 35 51 0.15 
19 03 2014 01 36 06 0.06 
19 03 2014 01 36 06 0.08 
19 03 2014 01 36 08 0.05 
19 03 2014 01 36 09 0.09 
19 03 2014 01 36 19 0.00 
19 03 2014 01 36 25 0.09 
19 03 2014 01 36 25 0.06 
19 03 2014 01 36 26 0.00 
19 03 2014 01 36 26 0.05 
19 03 2014 01 36 27 0.07 
19 03 2014 01 36 32 0.34 
19 03 2014 01 36 34 0.06 
19 03 2014 01 36 40 0.15 
19 03 2014 01 36 42 0.13 
19 03 2014 01 36 43 0.36 
19 03 2014 01 36 49 0.06 
19 03 2014 01 36 50 0.13 
19 03 2014 01 36 51 0.09 
19 03 2014 01 36 54 0.05 
19 03 2014 01 36 57 1.45 
19 03 2014 01 37 07 0.06 
19 03 2014 01 37 08 0.06 
19 03 2014 01 37 14 0.24 
19 03 2014 01 37 16 0.07 
19 03 2014 01 37 16 0.47 
19 03 2014 01 37 18 0.05 
19 03 2014 01 37 25 0.09 
19 03 2014 01 37 28 0.12 
19 03 2014 01 37 37 0.09 
19 03 2014 01 37 41 0.14 
19 03 2014 01 37 55 0.07 
19 03 2014 01 38 07 0.07 
19 03 2014 01 38 16 0.06 
19 03 2014 01 38 26 0.08 
19 03 2014 01 38 29 0.05 
19 03 2014 01 38 35 0.00 
19 03 2014 01 38 43 0.12 
19 03 2014 01 38 44 0.07 
19 03 2014 01 38 59 0.11 
19 03 2014 01 39 09 0.06 
19 03 2014 01 39 28 0.11 
19 03 2014 01 39 29 0.11 
19 03 2014 01 39 34 0.16 
19 03 2014 01 39 34 0.14 
19 03 2014 01 39 44 0.05 
19 03 2014 01 39 44 0.30 
19 03 2014 01 39 48 0.25 
19 03 2014 01 39 49 0.19 
19 03 2014 01 39 54 0.17 
19 03 2014 01 40 00 0.06 
19 03 2014 01 40 03 0.05 
19 03 2014 01 40 05 0.11 
19 03 2014 01 40 18 0.26 
19 03 2014 01 40 21 0.23 
19 03 2014 01 40 27 0.54 
19 03 2014 01 40 39 0.06 
19 03 2014 01 40 52 0.83 
19 03 2014 01 40 52 0.05 
19 03 2014 01 40 56 0.06 
19 03 2014 01 40 59 0.06 
19 03 2014 01 41 08 0.27 
19 03 2014 01 41 13 0.09 
19 03 2014 01 41 15 1.65 
19 03 2014 01 41 20 0.09 
19 03 2014 01 41 26 0.26 
19 03 2014 01 41 38 0.08 
19 03 2014 01 41 39 0.06 
19 03 2014 01 41 42 0.08 
19 03 2014 01 41 46 0.10 
19 03 2014 01 41 48 0.07 
19 03 2014 01 41 52 0.15 
19 03 2014 01 41 55 0.00 
19 03 2014 01 41 56 0.19 
19 03 2014 01 41 58 0.05 
19 03 2014 01 42 03 0.09 
19 03 2014 01 42 05 0.08 
19 03 2014 01 42 12 0.16 
19 03 2014 01 42 14 0.08 
19 03 2014 01 42 15 0.13 
19 03 2014 01 42 20 0.14 
19 03 2014 01 42 23 0.07 
19 03 2014 01 42 23 0.00 
19 03 2014 01 42 25 0.08 
19 03 2014 01 42 30 0.08 
19 03 2014 01 42 32 0.05 
19 03 2014 01 42 32 0.11 
19 03 2014 01 42 37 0.06 
19 03 2014 01 42 38 0.06 
19 03 2014 01 42 55 0.10 
19 03 2014 01 42 55 0.29 
19 03 2014 01 42 58 0.07 
19 03 2014 01 43 02 0.41 
19 03 2014 01 43 04 0.08 
19 03 2014 01 43 07 0.08 
19 03 2014 01 43 08 0.06 
19 03 2014 01 43 14 0.00 
19 03 2014 01 43 22 0.59 
19 03 2014 01 43 26 0.07 
19 03 2014 01 43 50 0.32 
19 03 2014 01 43 51 0.09 
19 03 2014 01 43 52 0.08 
19 03 2014 01 44 03 0.23 
19 03 2014 01 44 04 0.05 
19 03 2014 01 44 11 0.17 
19 03 2014 01 44 13 0.09 
19 03 2014 01 44 20 0.14 
19 03 2014 01 44 23 0.12 
19 03 2014 01 44 25 0.13 
19 03 2014 01 44 31 0.06 
19 03 2014 01 44 36 0.18 
19 03 2014 01 44 46 0.00 
19 03 2014 01 44 50 0.17 
19 03 2014 01 44 51 0.09 
19 03 2014 01 45 17 0.15 
19 03 2014 01 45 28 0.06 
19 03 2014 01 45 36 0.24 
19 03 2014 01 45 39 0.07 
19 03 2014 01 45 48 0.05 
19 03 2014 01 46 17 0.05 
19 03 2014 01 46 18 0.07 
19 03 2014 01 46 20 0.10 
19 03 2014 01 46 54 0.16 
19 03 2014 01 47 00 0.06 
19 03 2014 01 47 17 0.11 
19 03 2014 01 49 16 0.16 
19 03 2014 01 49 20 0.08 
19 03 2014 01 57 43 0.11 
19 03 2014 01 58 56 0.23 
19 03 2014 02 00 39 0.08 
19 03 2014 02 00 54 0.11 
19 03 2014 02 01 17 0.09 
19 03 2014 02 01 44 0.10 
19 03 2014 02 02 06 0.10 
19 03 2014 02 02 30 0.06 
19 03 2014 02 02 49 0.26 
19 03 2014 02 03 02 0.11 
19 03 2014 02 03 14 0.12 
19 03 2014 02 03 20 0.20 
19 03 2014 02 03 22 0.19 
19 03 2014 02 03 28 0.07 
19 03 2014 02 03 31 0.00 
19 03 2014 02 03 41 0.11 
19 03 2014 02 03 46 0.08 
19 03 2014 02 03 47 0.00 
19 03 2014 02 03 53 0.11 
19 03 2014 02 04 09 0.05 
19 03 2014 02 04 36 0.14 
19 03 2014 02 04 37 0.09 
19 03 2014 02 04 40 0.17 
19 03 2014 02 04 45 0.15 
19 03 2014 02 04 47 0.08 
19 03 2014 02 05 08 0.07 
19 03 2014 02 05 09 0.27 
19 03 2014 02 05 31 0.27 
19 03 2014 02 05 33 0.10 
19 03 2014 02 05 34 0.07 
19 03 2014 02 05 41 0.11 
19 03 2014 02 05 43 0.12 
19 03 2014 02 05 45 0.11 
19 03 2014 02 06 01 0.00 
19 03 2014 02 06 02 0.08 
19 03 2014 02 06 03 0.88 
19 03 2014 02 06 06 1.32 
19 03 2014 02 06 06 0.00 
19 03 2014 02 06 29 0.07 
19 03 2014 02 06 30 0.07 
19 03 2014 02 06 35 0.09 
19 03 2014 02 06 36 0.34 
19 03 2014 02 06 39 0.13 
19 03 2014 02 06 41 0.00 
19 03 2014 02 06 41 0.17 
19 03 2014 02 07 05 0.07 
19 03 2014 02 07 13 1.77 
19 03 2014 02 07 15 0.10 
19 03 2014 02 07 22 0.18 
19 03 2014 02 07 25 0.08 
19 03 2014 02 07 25 0.05 
19 03 2014 02 07 26 0.27 
19 03 2014 02 07 31 0.10 
19 03 2014 02 07 36 0.52 
19 03 2014 02 07 36 0.06 
19 03 2014 02 07 42 0.12 
19 03 2014 02 07 44 0.31 
19 03 2014 02 07 53 0.07 
19 03 2014 02 08 06 1.65 
19 03 2014 02 08 08 0.10 
19 03 2014 02 08 18 0.10 
19 03 2014 02 08 42 0.05 
19 03 2014 02 08 43 0.08 
19 03 2014 02 09 10 0.15 
19 03 2014 02 09 16 0.07 
19 03 2014 02 09 16 0.11 
19 03 2014 02 09 17 0.06 
19 03 2014 02 09 22 0.05 
19 03 2014 02 09 25 0.00 
19 03 2014 02 09 32 0.00 
19 03 2014 02 09 51 0.37 
19 03 2014 02 10 03 0.12 
19 03 2014 02 10 14 0.05 
19 03 2014 02 10 15 0.10 
19 03 2014 02 10 21 0.37 
19 03 2014 02 10 23 0.08 
19 03 2014 02 10 26 0.06 
19 03 2014 02 10 28 0.32 
19 03 2014 02 10 30 0.17 
19 03 2014 02 10 38 0.60 
19 03 2014 02 10 47 1.82 
19 03 2014 02 10 51 0.08 
19 03 2014 02 10 52 0.05 
19 03 2014 02 10 58 0.14 
19 03 2014 02 11 02 0.07 
19 03 2014 02 11 02 0.13 
19 03 2014 02 11 08 0.13 
19 03 2014 02 11 08 0.05 
19 03 2014 02 11 13 1.56 
19 03 2014 02 11 14 0.23 
19 03 2014 02 11 15 0.15 
19 03 2014 02 11 15 1.51 
19 03 2014 02 11 17 0.30 
19 03 2014 02 11 23 0.41 
19 03 2014 02 11 31 0.62 
19 03 2014 02 11 35 0.00 
19 03 2014 02 11 48 0.21 
19 03 2014 02 11 48 0.16 
19 03 2014 02 11 54 0.08 
19 03 2014 02 11 55 0.12 
19 03 2014 02 11 55 0.08 
19 03 2014 02 12 01 0.15 
19 03 2014 02 12 01 0.36 
19 03 2014 02 12 01 0.07 
19 03 2014 02 12 03 0.13 
19 03 2014 02 12 03 0.28 
19 03 2014 02 12 05 0.99 
19 03 2014 02 12 10 0.11 
19 03 2014 02 12 14 0.09 
19 03 2014 02 12 23 0.37 
19 03 2014 02 12 24 0.15 
19 03 2014 02 12 26 0.13 
19 03 2014 02 12 29 0.25 
19 03 2014 02 12 41 0.16 
19 03 2014 02 12 41 1.19 
19 03 2014 02 12 55 0.00 
19 03 2014 02 12 58 0.27 
19 03 2014 02 13 01 0.10 
19 03 2014 02 13 03 0.27 
19 03 2014 02 13 04 0.06 
19 03 2014 02 13 13 0.35 
19 03 2014 02 13 13 0.10 
19 03 2014 02 13 15 0.15 
19 03 2014 02 13 15 0.07 
19 03 2014 02 13 20 0.05 
19 03 2014 02 13 23 0.06 
19 03 2014 02 13 25 0.29 
19 03 2014 02 13 30 0.18 
19 03 2014 02 13 34 0.07 
19 03 2014 02 13 36 0.20 
19 03 2014 02 13 44 0.51 
19 03 2014 02 13 50 0.57 
19 03 2014 02 13 50 0.00 
19 03 2014 02 13 52 0.19 
19 03 2014 02 13 56 0.00 
19 03 2014 02 13 58 0.25 
19 03 2014 02 13 58 0.10 
19 03 2014 02 13 59 0.33 
19 03 2014 02 14 04 0.05 
19 03 2014 02 14 10 1.22 
19 03 2014 02 14 12 0.19 
19 03 2014 02 14 15 0.00 
19 03 2014 02 14 20 0.15 
19 03 2014 02 14 23 0.09 
19 03 2014 02 14 24 0.10 
19 03 2014 02 14 27 0.13 
19 03 2014 02 14 28 0.05 
19 03 2014 02 14 30 0.08 
19 03 2014 02 14 31 0.29 
19 03 2014 02 14 33 0.09 
19 03 2014 02 14 36 0.29 
19 03 2014 02 14 44 0.09 
19 03 2014 02 14 46 0.39 
19 03 2014 02 14 51 0.99 
19 03 2014 02 14 59 0.06 
19 03 2014 02 15 01 0.10 
19 03 2014 02 15 02 0.07 
19 03 2014 02 15 11 0.06 
19 03 2014 02 15 15 0.08 
19 03 2014 02 15 19 0.00 
19 03 2014 02 15 24 0.05 
19 03 2014 02 15 25 0.11 
19 03 2014 02 15 27 1.52 
19 03 2014 02 15 28 0.11 
19 03 2014 02 15 28 0.00 
19 03 2014 02 15 30 0.63 
19 03 2014 02 15 31 0.09 
19 03 2014 02 15 31 0.21 
19 03 2014 02 15 32 0.10 
19 03 2014 02 15 36 0.21 
19 03 2014 02 15 39 0.15 
19 03 2014 02 15 50 0.14 
19 03 2014 02 15 50 0.09 
19 03 2014 02 15 52 0.15 
19 03 2014 02 15 57 0.09 
19 03 2014 02 16 01 0.24 
19 03 2014 02 16 03 0.10 
19 03 2014 02 16 09 0.27 
19 03 2014 02 16 12 0.28 
19 03 2014 02 16 14 0.60 
19 03 2014 02 16 22 0.18 
19 03 2014 02 16 34 0.09 
19 03 2014 02 16 41 1.10 
19 03 2014 02 16 52 0.22 
19 03 2014 02 16 55 0.05 
19 03 2014 02 16 58 0.25 
19 03 2014 02 16 59 0.20 
19 03 2014 02 17 00 0.13 
19 03 2014 02 17 01 0.12 
19 03 2014 02 17 03 0.22 
19 03 2014 02 17 16 0.50 
19 03 2014 02 17 18 0.00 
19 03 2014 02 17 19 0.15 
19 03 2014 02 17 23 0.11 
19 03 2014 02 17 25 0.07 
19 03 2014 02 17 33 0.05 
19 03 2014 02 17 34 0.21 
19 03 2014 02 17 46 0.12 
19 03 2014 02 17 50 1.08 
19 03 2014 02 17 52 0.25 
19 03 2014 02 17 53 0.20 
19 03 2014 02 17 55 0.17 
19 03 2014 02 18 06 0.06 
19 03 2014 02 18 06 0.47 
19 03 2014 02 18 09 0.22 
19 03 2014 02 18 10 0.06 
19 03 2014 02 18 13 0.33 
19 03 2014 02 18 16 0.08 
19 03 2014 02 18 19 0.26 
19 03 2014 02 18 52 0.84 
19 03 2014 02 18 54 0.18 
19 03 2014 02 18 59 0.25 
19 03 2014 02 19 01 0.00 
19 03 2014 02 19 03 0.11 
19 03 2014 02 19 09 0.09 
19 03 2014 02 19 17 0.12 
19 03 2014 02 19 17 0.05 
19 03 2014 02 19 25 0.48 
19 03 2014 02 19 25 0.07 
19 03 2014 02 19 33 0.16 
19 03 2014 02 19 33 0.15 
19 03 2014 02 19 40 0.51 
19 03 2014 02 19 46 0.06 
19 03 2014 02 19 46 0.06 
19 03 2014 02 19 48 0.06 
19 03 2014 02 19 52 0.14 
19 03 2014 02 19 54 0.20 
19 03 2014 02 19 55 0.19 
19 03 2014 02 19 55 0.72 
19 03 2014 02 19 56 0.71 
19 03 2014 02 19 57 0.13 
19 03 2014 02 19 59 0.68 
19 03 2014 02 19 59 0.31 
19 03 2014 02 19 59 0.67 
19 03 2014 02 20 01 0.05 
19 03 2014 02 20 02 0.22 
19 03 2014 02 20 03 0.05 
19 03 2014 02 20 04 0.05 
19 03 2014 02 20 04 0.10 
19 03 2014 02 20 06 0.44 
19 03 2014 02 20 07 0.22 
19 03 2014 02 20 09 0.24 
19 03 2014 02 20 11 0.98 
19 03 2014 02 20 12 1.44 
19 03 2014 02 20 12 0.10 
19 03 2014 02 20 18 0.07 
19 03 2014 02 20 21 0.05 
19 03 2014 02 20 22 0.47 
19 03 2014 02 20 25 0.07 
19 03 2014 02 20 45 0.06 
19 03 2014 02 20 53 0.00 
19 03 2014 02 20 58 0.20 
19 03 2014 02 20 59 0.14 
19 03 2014 02 20 59 0.10 
19 03 2014 02 21 02 0.00 
19 03 2014 02 21 03 0.20 
19 03 2014 02 21 04 0.00 
19 03 2014 02 21 05 0.07 
19 03 2014 02 21 08 0.06 
19 03 2014 02 21 10 0.28 
19 03 2014 02 21 13 0.06 
19 03 2014 02 21 16 0.48 
19 03 2014 02 21 30 0.15 
19 03 2014 02 21 45 0.09 
19 03 2014 02 21 46 0.05 
19 03 2014 02 21 56 0.06 
19 03 2014 02 21 57 0.15 
19 03 2014 02 22 00 0.15 
19 03 2014 02 22 01 0.15 
19 03 2014 02 22 02 0.22 
19 03 2014 02 22 04 0.05 
19 03 2014 02 22 06 0.23 
19 03 2014 02 22 19 0.05 
19 03 2014 02 22 22 0.10 
19 03 2014 02 22 25 0.00 
19 03 2014 02 22 26 0.29 
19 03 2014 02 22 28 0.31 
19 03 2014 02 22 33 0.08 
19 03 2014 02 22 34 1.33 
19 03 2014 02 22 36 0.00 
19 03 2014 02 22 37 0.08 
19 03 2014 02 22 43 0.06 
19 03 2014 02 22 44 0.07 
19 03 2014 02 22 50 0.00 
19 03 2014 02 22 51 0.16 
19 03 2014 02 22 52 0.08 
19 03 2014 02 22 52 0.07 
19 03 2014 02 22 52 0.22 
19 03 2014 02 22 58 0.19 
19 03 2014 02 23 00 0.00 
19 03 2014 02 23 02 0.21 
19 03 2014 02 23 07 0.09 
19 03 2014 02 23 11 0.10 
19 03 2014 02 23 12 0.20 
19 03 2014 02 23 18 0.35 
19 03 2014 02 23 18 0.10 
19 03 2014 02 23 33 0.43 
19 03 2014 02 23 46 0.26 
19 03 2014 02 23 48 0.05 
19 03 2014 02 23 48 0.26 
19 03 2014 02 23 56 0.13 
19 03 2014 02 24 01 0.09 
19 03 2014 02 24 05 0.00 
19 03 2014 02 24 11 0.12 
19 03 2014 02 24 16 0.05 
19 03 2014 02 24 23 0.09 
19 03 2014 02 24 23 0.00 
19 03 2014 02 24 25 0.08 
19 03 2014 02 24 28 0.07 
19 03 2014 02 24 36 0.18 
19 03 2014 02 24 43 0.40 
19 03 2014 02 24 44 0.13 
19 03 2014 02 24 51 0.37 
19 03 2014 02 25 02 0.08 
19 03 2014 02 25 07 0.14 
19 03 2014 02 25 21 0.10 
19 03 2014 02 25 24 0.47 
19 03 2014 02 25 42 0.00 
19 03 2014 02 25 46 0.18 
19 03 2014 02 26 06 0.21 
19 03 2014 02 26 08 0.16 
19 03 2014 02 26 08 0.34 
19 03 2014 02 26 35 0.51 
19 03 2014 02 26 37 0.00 
19 03 2014 02 26 45 0.71 
19 03 2014 02 26 47 0.10 
19 03 2014 02 26 57 0.05 
19 03 2014 02 26 58 0.30 
19 03 2014 02 27 03 0.05 
19 03 2014 02 27 06 0.42 
19 03 2014 02 27 14 0.07 
19 03 2014 02 27 25 0.07 
19 03 2014 02 27 26 1.65 
19 03 2014 02 27 30 0.09 
19 03 2014 02 27 36 0.14 
19 03 2014 02 27 41 0.09 
19 03 2014 02 27 42 0.13 
19 03 2014 02 27 44 0.15 
19 03 2014 02 27 46 0.08 
19 03 2014 02 27 49 0.09 
19 03 2014 02 27 53 0.14 
19 03 2014 02 27 58 0.00 
19 03 2014 02 28 07 0.17 
19 03 2014 02 28 15 0.14 
19 03 2014 02 28 16 0.14 
19 03 2014 02 28 17 0.07 
19 03 2014 02 28 20 0.56 
19 03 2014 02 28 22 0.05 
19 03 2014 02 28 26 0.72 
19 03 2014 02 28 26 0.06 
19 03 2014 02 28 28 0.27 
19 03 2014 02 28 33 0.33 
19 03 2014 02 28 34 0.00 
19 03 2014 02 28 37 0.14 
19 03 2014 02 28 37 0.54 
19 03 2014 02 28 38 0.08 
19 03 2014 02 28 39 1.34 
19 03 2014 02 28 42 0.00 
19 03 2014 02 28 42 0.09 
19 03 2014 02 28 49 0.06 
19 03 2014 02 28 49 0.10 
19 03 2014 02 28 57 1.14 
19 03 2014 02 29 00 0.07 
19 03 2014 02 29 04 0.81 
19 03 2014 02 29 09 0.10 
19 03 2014 02 29 12 0.07 
19 03 2014 02 29 20 0.10 
19 03 2014 02 29 25 0.13 
19 03 2014 02 29 26 0.60 
19 03 2014 02 29 26 0.22 
19 03 2014 02 29 28 0.21 
19 03 2014 02 29 29 0.18 
19 03 2014 02 29 29 0.05 
19 03 2014 02 29 29 0.15 
19 03 2014 02 29 37 0.33 
19 03 2014 02 29 38 0.10 
19 03 2014 02 29 42 0.05 
19 03 2014 02 29 51 0.07 
19 03 2014 02 29 53 0.40 
19 03 2014 02 30 00 0.16 
19 03 2014 02 30 02 1.02 
19 03 2014 02 30 05 0.99 
19 03 2014 02 30 06 0.62 
19 03 2014 02 30 09 0.36 
19 03 2014 02 30 12 0.05 
19 03 2014 02 30 13 0.91 
19 03 2014 02 30 17 0.16 
19 03 2014 02 30 18 0.00 
19 03 2014 02 30 20 1.18 
19 03 2014 02 30 25 0.66 
19 03 2014 02 30 29 1.38 
19 03 2014 02 30 33 0.08 
19 03 2014 02 30 41 0.18 
19 03 2014 02 30 44 0.49 
19 03 2014 02 30 44 0.58 
19 03 2014 02 30 45 0.09 
19 03 2014 02 30 47 1.17 
19 03 2014 02 30 47 0.07 
19 03 2014 02 30 50 0.00 
19 03 2014 02 30 50 0.59 
19 03 2014 02 30 51 0.12 
19 03 2014 02 30 56 0.45 
19 03 2014 02 30 57 0.15 
19 03 2014 02 30 59 0.05 
19 03 2014 02 31 00 0.05 
19 03 2014 02 31 01 0.18 
19 03 2014 02 31 01 0.17 
19 03 2014 02 31 02 0.14 
19 03 2014 02 31 03 0.20 
19 03 2014 02 31 04 0.23 
19 03 2014 02 31 04 0.60 
19 03 2014 02 31 06 0.39 
19 03 2014 02 31 06 0.15 
19 03 2014 02 31 07 0.14 
19 03 2014 02 31 08 0.24 
19 03 2014 02 31 11 0.08 
19 03 2014 02 31 13 0.05 
19 03 2014 02 31 14 1.30 
19 03 2014 02 31 14 1.21 
19 03 2014 02 31 16 0.33 
19 03 2014 02 31 16 0.23 
19 03 2014 02 31 17 0.07 
19 03 2014 02 31 19 0.00 
19 03 2014 02 31 20 0.07 
19 03 2014 02 31 24 0.10 
19 03 2014 02 31 24 0.07 
19 03 2014 02 31 25 0.00 
19 03 2014 02 31 25 0.11 
19 03 2014 02 31 27 0.14 
19 03 2014 02 31 27 0.06 
19 03 2014 02 31 28 0.24 
19 03 2014 02 31 30 2.17 
19 03 2014 02 31 31 0.53 
19 03 2014 02 31 31 0.20 
19 03 2014 02 31 32 0.11 
19 03 2014 02 31 32 0.12 
19 03 2014 02 31 33 0.05 
19 03 2014 02 31 36 0.17 
19 03 2014 02 31 37 0.52 
19 03 2014 02 31 39 0.17 
19 03 2014 02 31 40 0.83 
19 03 2014 02 31 40 0.09 
19 03 2014 02 31 41 0.06 
19 03 2014 02 31 41 0.10 
19 03 2014 02 31 42 0.98 
19 03 2014 02 31 43 1.97 
19 03 2014 02 31 44 1.21 
19 03 2014 02 31 45 0.12 
19 03 2014 02 31 45 0.05 
19 03 2014 02 31 46 0.07 
19 03 2014 02 31 48 0.10 
19 03 2014 02 31 50 0.21 
19 03 2014 02 31 56 0.05 
19 03 2014 02 32 04 0.35 
19 03 2014 02 32 05 0.15 
19 03 2014 02 32 10 0.07 
19 03 2014 02 32 15 0.12 
19 03 2014 02 32 15 0.84 
19 03 2014 02 32 21 0.07 
19 03 2014 02 32 23 0.10 
19 03 2014 02 32 26 0.06 
19 03 2014 02 32 27 0.62 
19 03 2014 02 32 30 0.96 
19 03 2014 02 32 30 1.23 
19 03 2014 02 32 36 0.13 
19 03 2014 02 32 38 0.07 
19 03 2014 02 32 41 0.10 
19 03 2014 02 32 42 1.14 
19 03 2014 02 32 43 0.17 
19 03 2014 02 32 47 0.07 
19 03 2014 02 32 51 0.00 
19 03 2014 02 32 53 0.20 
19 03 2014 02 32 53 0.13 
19 03 2014 02 32 54 0.08 
19 03 2014 02 32 54 0.08 
19 03 2014 02 33 08 0.70 
19 03 2014 02 33 09 0.21 
19 03 2014 02 33 10 0.41 
19 03 2014 02 33 14 0.12 
19 03 2014 02 33 15 0.00 
19 03 2014 02 33 15 1.17 
19 03 2014 02 33 19 0.16 
19 03 2014 02 33 23 0.14 
19 03 2014 02 33 26 0.43 
19 03 2014 02 33 30 0.07 
19 03 2014 02 33 44 0.64 
19 03 2014 02 33 45 0.18 
19 03 2014 02 33 46 0.09 
19 03 2014 02 33 48 0.00 
19 03 2014 02 33 50 0.09 
19 03 2014 02 33 51 0.36 
19 03 2014 02 33 55 0.36 
19 03 2014 02 33 56 0.39 
19 03 2014 02 33 56 0.05 
19 03 2014 02 33 57 0.21 
19 03 2014 02 33 59 1.13 
19 03 2014 02 34 01 0.09 
19 03 2014 02 34 06 0.06 
19 03 2014 02 34 07 0.14 
19 03 2014 02 34 09 0.27 
19 03 2014 02 34 11 0.00 
19 03 2014 02 34 12 0.17 
19 03 2014 02 34 14 0.10 
19 03 2014 02 34 21 0.59 
19 03 2014 02 34 23 0.09 
19 03 2014 02 34 26 0.00 
19 03 2014 02 34 28 0.23 
19 03 2014 02 34 33 0.74 
19 03 2014 02 34 34 0.35 
19 03 2014 02 34 36 0.05 
19 03 2014 02 34 39 0.14 
19 03 2014 02 34 40 0.00 
19 03 2014 02 34 44 0.17 
19 03 2014 02 34 45 0.68 
19 03 2014 02 34 45 0.09 
19 03 2014 02 34 45 0.06 
19 03 2014 02 34 47 0.00 
19 03 2014 02 34 47 0.80 
19 03 2014 02 34 50 0.08 
19 03 2014 02 34 51 0.07 
19 03 2014 02 34 56 0.05 
19 03 2014 02 35 00 0.05 
19 03 2014 02 35 02 0.41 
19 03 2014 02 35 05 0.06 
19 03 2014 02 35 07 0.00 
19 03 2014 02 35 07 0.05 
19 03 2014 02 35 10 1.39 
19 03 2014 02 35 10 0.00 
19 03 2014 02 35 10 0.07 
19 03 2014 02 35 14 0.00 
19 03 2014 02 35 15 0.05 
19 03 2014 02 35 16 0.14 
19 03 2014 02 35 23 0.07 
19 03 2014 02 35 24 1.08 
19 03 2014 02 35 29 0.21 
19 03 2014 02 35 29 0.06 
19 03 2014 02 35 33 0.07 
19 03 2014 02 35 34 1.38 
19 03 2014 02 35 35 0.95 
19 03 2014 02 35 35 0.30 
19 03 2014 02 35 37 0.15 
19 03 2014 02 35 37 0.14 
19 03 2014 02 35 38 1.30 
19 03 2014 02 35 38 0.07 
19 03 2014 02 35 39 0.00 
19 03 2014 02 35 44 0.23 
19 03 2014 02 35 46 0.13 
19 03 2014 02 35 47 0.05 
19 03 2014 02 35 50 0.10 
19 03 2014 02 35 53 0.10 
19 03 2014 02 35 57 1.10 
19 03 2014 02 36 01 0.07 
19 03 2014 02 36 01 0.26 
19 03 2014 02 36 02 1.12 
19 03 2014 02 36 04 1.44 
19 03 2014 02 36 07 0.34 
19 03 2014 02 36 11 0.06 
19 03 2014 02 36 12 0.85 
19 03 2014 02 36 13 0.58 
19 03 2014 02 36 14 0.17 
19 03 2014 02 36 14 0.00 
19 03 2014 02 36 15 0.10 
19 03 2014 02 36 19 0.00 
19 03 2014 02 36 21 0.16 
19 03 2014 02 36 21 0.28 
19 03 2014 02 36 22 0.19 
19 03 2014 02 36 22 0.10 
19 03 2014 02 36 29 0.17 
19 03 2014 02 36 34 0.51 
19 03 2014 02 36 34 0.10 
19 03 2014 02 36 36 0.00 
19 03 2014 02 36 38 0.13 
19 03 2014 02 36 38 0.29 
19 03 2014 02 36 40 0.24 
19 03 2014 02 36 45 0.65 
19 03 2014 02 36 45 0.10 
19 03 2014 02 36 47 0.24 
19 03 2014 02 36 56 2.06 
19 03 2014 02 36 57 1.27 
19 03 2014 02 36 58 0.81 
19 03 2014 02 36 59 0.13 
19 03 2014 02 37 01 0.37 
19 03 2014 02 37 04 0.08 
19 03 2014 02 37 10 0.00 
19 03 2014 02 37 10 0.06 
19 03 2014 02 37 10 0.41 
19 03 2014 02 37 11 0.08 
19 03 2014 02 37 12 0.07 
19 03 2014 02 37 14 0.01 
19 03 2014 02 37 19 0.38 
19 03 2014 02 37 23 0.23 
19 03 2014 02 37 23 0.05 
19 03 2014 02 37 25 0.48 
19 03 2014 02 37 28 0.33 
19 03 2014 02 37 30 0.24 
19 03 2014 02 37 34 0.06 
19 03 2014 02 37 35 0.07 
19 03 2014 02 37 39 0.39 
19 03 2014 02 37 39 0.00 
19 03 2014 02 37 39 0.05 
19 03 2014 02 37 40 0.38 
19 03 2014 02 37 43 0.35 
19 03 2014 02 37 45 0.14 
19 03 2014 02 37 46 0.08 
19 03 2014 02 37 47 1.02 
19 03 2014 02 37 48 0.10 
19 03 2014 02 37 51 0.67 
19 03 2014 02 37 52 0.05 
19 03 2014 02 37 53 0.24 
19 03 2014 02 37 53 0.16 
19 03 2014 02 37 56 0.00 
19 03 2014 02 38 01 0.07 
19 03 2014 02 38 01 0.00 
19 03 2014 02 38 03 1.05 
19 03 2014 02 38 03 0.00 
19 03 2014 02 38 04 0.00 
19 03 2014 02 38 05 2.46 
19 03 2014 02 38 05 0.12 
19 03 2014 02 38 06 0.14 
19 03 2014 02 38 10 0.02 
19 03 2014 02 38 12 0.15 
19 03 2014 02 38 12 0.00 
19 03 2014 02 38 12 0.30 
19 03 2014 02 38 14 0.07 
19 03 2014 02 38 15 0.18 
19 03 2014 02 38 16 0.25 
19 03 2014 02 38 16 0.21 
19 03 2014 02 38 16 0.07 
19 03 2014 02 38 20 0.21 
19 03 2014 02 38 20 0.54 
19 03 2014 02 38 32 0.10 
19 03 2014 02 38 32 0.00 
19 03 2014 02 38 33 0.13 
19 03 2014 02 38 35 0.00 
19 03 2014 02 38 35 0.28 
19 03 2014 02 38 36 0.12 
19 03 2014 02 38 40 0.20 
19 03 2014 02 38 41 0.07 
19 03 2014 02 38 41 0.51 
19 03 2014 02 38 42 1.30 
19 03 2014 02 38 43 0.09 
19 03 2014 02 38 44 0.10 
19 03 2014 02 38 45 0.32 
19 03 2014 02 38 46 0.10 
19 03 2014 02 38 47 0.05 
19 03 2014 02 38 50 0.12 
19 03 2014 02 39 01 0.67 
19 03 2014 02 39 02 0.00 
19 03 2014 02 39 03 0.08 
19 03 2014 02 39 03 0.98 
19 03 2014 02 39 04 0.05 
19 03 2014 02 39 05 0.17 
19 03 2014 02 39 13 0.19 
19 03 2014 02 39 14 0.78 
19 03 2014 02 39 15 0.11 
19 03 2014 02 39 19 0.19 
19 03 2014 02 39 19 0.18 
19 03 2014 02 39 21 0.07 
19 03 2014 02 39 21 0.72 
19 03 2014 02 39 22 0.10 
19 03 2014 02 39 25 0.11 
19 03 2014 02 39 34 0.00 
19 03 2014 02 39 38 0.30 
19 03 2014 02 39 38 0.30 
19 03 2014 02 39 39 0.00 
19 03 2014 02 39 41 0.23 
19 03 2014 02 39 42 0.14 
19 03 2014 02 39 47 0.06 
19 03 2014 02 39 47 0.12 
19 03 2014 02 39 50 0.10 
19 03 2014 02 39 53 0.16 
19 03 2014 02 39 54 0.19 
19 03 2014 02 39 56 0.08 
19 03 2014 02 39 56 0.25 
19 03 2014 02 40 03 0.64 
19 03 2014 02 40 04 0.05 
19 03 2014 02 40 07 1.10 
19 03 2014 02 40 08 0.17 
19 03 2014 02 40 15 0.26 
19 03 2014 02 40 18 0.49 
19 03 2014 02 40 21 0.09 
19 03 2014 02 40 26 0.15 
19 03 2014 02 40 34 0.06 
19 03 2014 02 40 34 0.06 
19 03 2014 02 40 35 0.69 
19 03 2014 02 40 40 0.00 
19 03 2014 02 40 42 0.08 
19 03 2014 02 40 45 0.07 
19 03 2014 02 40 49 0.05 
19 03 2014 02 40 51 0.22 
19 03 2014 02 41 07 0.09 
19 03 2014 02 41 07 0.08 
19 03 2014 02 41 50 0.00 
19 03 2014 02 41 51 1.28 
19 03 2014 02 41 52 0.42 
19 03 2014 02 41 52 0.06 
19 03 2014 02 41 58 0.13 
19 03 2014 02 41 59 0.08 
19 03 2014 02 42 00 0.15 
19 03 2014 02 42 04 0.07 
19 03 2014 02 42 19 0.99 
19 03 2014 02 42 30 2.27 
19 03 2014 02 42 32 0.06 
19 03 2014 02 42 38 0.43 
19 03 2014 02 42 40 0.62 
19 03 2014 02 42 42 0.05 
19 03 2014 02 42 49 0.29 
19 03 2014 02 42 56 0.07 
19 03 2014 02 42 57 0.13 
19 03 2014 02 43 04 0.00 
19 03 2014 02 43 11 0.24 
19 03 2014 02 43 16 0.08 
19 03 2014 02 43 18 0.32 
19 03 2014 02 43 25 0.08 
19 03 2014 02 43 26 0.07 
19 03 2014 02 43 30 0.06 
19 03 2014 02 43 40 0.45 
19 03 2014 02 43 49 0.43 
19 03 2014 02 43 53 0.06 
19 03 2014 02 43 54 0.08 
19 03 2014 02 43 55 0.14 
19 03 2014 02 44 12 0.00 
19 03 2014 02 44 15 0.12 
19 03 2014 02 44 20 0.12 
19 03 2014 02 44 33 0.25 
19 03 2014 02 44 45 0.06 
19 03 2014 02 44 53 1.97 
19 03 2014 02 45 11 0.19 
19 03 2014 02 45 12 0.73 
19 03 2014 02 45 13 0.08 
19 03 2014 02 45 13 0.15 
19 03 2014 02 45 26 0.31 
19 03 2014 02 45 26 0.12 
19 03 2014 02 45 34 0.09 
19 03 2014 02 45 36 0.55 
19 03 2014 02 45 48 0.06 
19 03 2014 02 45 56 0.06 
19 03 2014 02 45 57 0.06 
19 03 2014 02 46 09 0.26 
19 03 2014 02 46 11 0.16 
19 03 2014 02 46 26 0.06 
19 03 2014 02 46 31 0.07 
19 03 2014 02 46 35 0.14 
19 03 2014 02 46 45 0.06 
19 03 2014 02 46 48 0.92 
19 03 2014 02 46 53 0.32 
19 03 2014 02 46 54 0.30 
19 03 2014 02 46 55 0.45 
19 03 2014 02 46 59 0.18 
19 03 2014 02 47 00 0.10 
19 03 2014 02 47 18 0.17 
19 03 2014 02 47 24 0.07 
19 03 2014 02 47 27 0.08 
19 03 2014 02 47 35 0.13 
19 03 2014 02 47 37 0.17 
19 03 2014 02 47 41 0.07 
19 03 2014 02 47 51 0.17 
19 03 2014 02 47 51 0.06 
19 03 2014 02 48 07 0.06 
19 03 2014 02 48 14 0.36 
19 03 2014 02 48 35 0.06 
19 03 2014 02 48 44 0.30 
19 03 2014 02 48 49 0.09 
19 03 2014 02 48 56 0.08 
19 03 2014 02 48 58 0.37 
19 03 2014 02 49 00 0.12 
19 03 2014 02 49 01 0.05 
19 03 2014 02 49 13 0.12 
19 03 2014 02 49 25 0.21 
19 03 2014 02 49 28 0.08 
19 03 2014 02 49 29 0.50 
19 03 2014 02 49 49 0.09 
19 03 2014 02 49 51 0.11 
19 03 2014 02 49 52 0.16 
19 03 2014 02 49 53 0.10 
19 03 2014 02 49 54 0.06 
19 03 2014 02 49 56 0.11 
19 03 2014 02 50 12 0.05 
19 03 2014 02 50 20 0.18 
19 03 2014 02 50 33 0.12 
19 03 2014 02 50 36 0.05 
19 03 2014 02 50 43 0.08 
19 03 2014 02 50 43 0.16 
19 03 2014 02 50 44 0.09 
19 03 2014 02 50 49 0.37 
19 03 2014 02 50 57 0.13 
19 03 2014 02 51 13 0.05 
19 03 2014 02 51 20 0.07 
19 03 2014 02 51 21 0.12 
19 03 2014 02 51 28 0.13 
19 03 2014 02 51 41 0.14 
19 03 2014 02 51 50 0.18 
19 03 2014 02 51 52 0.17 
19 03 2014 02 51 59 0.22 
19 03 2014 02 52 04 0.21 
19 03 2014 02 52 05 0.08 
19 03 2014 02 52 10 0.06 
19 03 2014 02 52 13 0.14 
19 03 2014 02 52 18 0.17 
19 03 2014 02 52 29 0.06 
19 03 2014 02 52 38 0.10 
19 03 2014 02 52 43 0.08 
19 03 2014 02 52 44 0.06 
19 03 2014 02 52 48 0.22 
19 03 2014 02 52 50 0.13 
19 03 2014 02 52 51 0.06 
19 03 2014 02 52 57 0.07 
19 03 2014 02 53 09 0.19 
19 03 2014 02 53 10 0.13 
19 03 2014 02 53 17 0.23 
19 03 2014 02 53 23 0.15 
19 03 2014 02 53 40 0.12 
19 03 2014 02 53 40 0.05 
19 03 2014 02 53 57 0.06 
19 03 2014 02 54 01 0.20 
19 03 2014 02 54 04 0.06 
19 03 2014 02 54 31 0.12 
19 03 2014 02 54 50 0.15 
19 03 2014 02 54 54 0.09 
19 03 2014 02 54 57 0.12 
19 03 2014 02 55 25 0.11 
19 03 2014 02 55 26 0.15 
19 03 2014 02 55 35 0.00 
19 03 2014 02 55 49 0.10 
19 03 2014 02 56 10 0.34 
19 03 2014 02 56 15 0.83 
19 03 2014 02 56 16 0.11 
19 03 2014 02 56 20 0.48 
19 03 2014 02 56 23 0.12 
19 03 2014 02 56 40 0.45 
19 03 2014 02 56 43 0.19 
19 03 2014 02 56 44 0.27 
19 03 2014 02 56 59 0.08 
19 03 2014 02 57 02 0.30 
19 03 2014 02 57 12 0.05 
19 03 2014 02 57 13 0.37 
19 03 2014 02 57 17 0.08 
19 03 2014 02 57 18 0.15 
19 03 2014 02 57 23 0.14 
19 03 2014 02 57 26 0.07 
19 03 2014 02 57 27 0.71 
19 03 2014 02 57 38 0.06 
19 03 2014 02 57 39 0.20 
19 03 2014 02 57 48 0.07 
19 03 2014 02 57 59 0.18 
19 03 2014 02 58 00 0.11 
19 03 2014 02 58 01 0.18 
19 03 2014 02 58 02 0.06 
19 03 2014 02 58 02 0.07 
19 03 2014 02 58 18 0.00 
19 03 2014 02 58 19 0.74 
19 03 2014 02 58 27 0.18 
19 03 2014 02 58 33 0.21 
19 03 2014 02 58 34 0.25 
19 03 2014 02 58 34 0.05 
19 03 2014 02 58 46 0.19 
19 03 2014 02 59 16 0.08 
19 03 2014 02 59 16 0.05 
19 03 2014 02 59 17 0.10 
19 03 2014 02 59 27 0.08 
19 03 2014 02 59 32 0.11 
19 03 2014 02 59 39 0.42 
19 03 2014 02 59 55 0.08 
19 03 2014 02 59 58 0.06 
19 03 2014 03 00 06 0.05 
19 03 2014 03 00 07 0.13 
19 03 2014 03 00 22 0.07 
19 03 2014 03 00 24 0.23 
19 03 2014 03 00 26 0.18 
19 03 2014 03 00 33 0.13 
19 03 2014 03 00 36 0.09 
19 03 2014 03 00 38 0.39 
19 03 2014 03 00 38 0.61 
19 03 2014 03 00 39 0.07 
19 03 2014 03 00 43 0.56 
19 03 2014 03 00 43 0.07 
19 03 2014 03 00 49 0.10 
19 03 2014 03 00 51 0.11 
19 03 2014 03 00 53 0.38 
19 03 2014 03 00 54 0.10 
19 03 2014 03 00 55 0.08 
19 03 2014 03 00 55 0.47 
19 03 2014 03 00 58 0.74 
19 03 2014 03 01 01 0.16 
19 03 2014 03 01 03 0.08 
19 03 2014 03 01 10 0.10 
19 03 2014 03 01 19 0.26 
19 03 2014 03 01 19 0.11 
19 03 2014 03 01 22 0.11 
19 03 2014 03 01 24 0.05 
19 03 2014 03 01 30 0.31 
19 03 2014 03 01 32 0.06 
19 03 2014 03 01 33 0.09 
19 03 2014 03 01 34 0.09 
19 03 2014 03 01 42 0.06 
19 03 2014 03 01 57 0.34 
19 03 2014 03 02 00 0.12 
19 03 2014 03 02 02 0.05 
19 03 2014 03 02 03 0.06 
19 03 2014 03 02 06 0.09 
19 03 2014 03 02 08 0.07 
19 03 2014 03 02 16 0.09 
19 03 2014 03 02 23 0.29 
19 03 2014 03 02 32 0.15 
19 03 2014 03 02 37 0.13 
19 03 2014 03 02 39 0.15 
19 03 2014 03 02 49 0.19 
19 03 2014 03 02 50 0.09 
19 03 2014 03 02 51 0.12 
19 03 2014 03 02 54 0.21 
19 03 2014 03 03 11 0.10 
19 03 2014 03 03 11 0.17 
19 03 2014 03 03 16 2.09 
19 03 2014 03 03 16 0.55 
19 03 2014 03 03 19 0.07 
19 03 2014 03 03 20 0.06 
19 03 2014 03 03 26 0.11 
19 03 2014 03 03 28 0.06 
19 03 2014 03 03 32 0.12 
19 03 2014 03 03 32 0.10 
19 03 2014 03 03 43 0.00 
19 03 2014 03 03 48 0.06 
19 03 2014 03 03 49 0.21 
19 03 2014 03 03 51 0.05 
19 03 2014 03 03 54 0.11 
19 03 2014 03 03 54 0.07 
19 03 2014 03 04 00 0.23 
19 03 2014 03 04 21 0.06 
19 03 2014 03 04 26 0.11 
19 03 2014 03 04 28 0.13 
19 03 2014 03 04 31 0.06 
19 03 2014 03 04 48 0.05 
19 03 2014 03 04 48 2.17 
19 03 2014 03 04 52 0.07 
19 03 2014 03 04 53 0.25 
19 03 2014 03 05 00 0.07 
19 03 2014 03 05 08 0.07 
19 03 2014 03 05 14 0.09 
19 03 2014 03 05 22 0.08 
19 03 2014 03 05 31 0.08 
19 03 2014 03 05 32 0.08 
19 03 2014 03 05 32 0.07 
19 03 2014 03 05 40 0.15 
19 03 2014 03 05 40 0.09 
19 03 2014 03 05 57 0.09 
19 03 2014 03 06 19 0.13 
19 03 2014 03 06 28 0.14 
19 03 2014 03 06 29 0.07 
19 03 2014 03 06 37 0.20 
19 03 2014 03 06 58 0.05 
19 03 2014 03 07 03 0.09 
19 03 2014 03 07 03 0.10 
19 03 2014 03 07 12 0.07 
19 03 2014 03 07 14 0.13 
19 03 2014 03 07 24 0.05 
19 03 2014 03 07 27 0.06 
19 03 2014 03 07 30 0.07 
19 03 2014 03 07 36 0.05 
19 03 2014 03 07 41 0.05 
19 03 2014 03 07 54 0.07 
19 03 2014 03 08 01 0.05 
19 03 2014 03 08 04 0.12 
19 03 2014 03 08 08 0.19 
19 03 2014 03 08 14 0.05 
19 03 2014 03 08 44 0.09 
19 03 2014 03 08 49 0.07 
19 03 2014 03 09 18 0.16 
19 03 2014 03 09 21 0.07 
19 03 2014 03 09 30 0.05 
19 03 2014 03 09 46 0.05 
19 03 2014 03 10 02 0.07 
19 03 2014 03 10 35 0.06 
19 03 2014 03 10 36 0.05 
19 03 2014 03 11 04 0.12 
19 03 2014 03 11 07 0.06 
19 03 2014 03 11 08 0.16 
19 03 2014 03 11 24 0.05 
19 03 2014 03 11 40 0.06 
19 03 2014 03 11 45 0.06 
19 03 2014 03 11 52 0.06 
19 03 2014 03 11 52 0.10 
19 03 2014 03 12 00 0.10 
19 03 2014 03 12 08 0.21 
19 03 2014 03 12 18 0.08 
19 03 2014 03 12 18 0.07 
19 03 2014 03 12 24 0.07 
19 03 2014 03 12 37 0.25 
19 03 2014 03 12 41 0.10 
19 03 2014 03 12 44 0.00 
19 03 2014 03 12 45 0.13 
19 03 2014 03 12 51 0.09 
19 03 2014 03 13 01 0.06 
19 03 2014 03 13 05 0.10 
19 03 2014 03 13 06 0.20 
19 03 2014 03 13 16 0.11 
19 03 2014 03 13 23 0.09 
19 03 2014 03 13 44 0.06 
19 03 2014 03 13 50 0.05 
19 03 2014 03 14 37 0.13 
19 03 2014 03 14 40 0.12 
19 03 2014 03 14 47 0.10 
19 03 2014 03 14 58 0.06 
19 03 2014 03 15 12 0.06 
19 03 2014 03 15 12 0.06 
19 03 2014 03 15 13 0.05 
19 03 2014 03 15 38 0.10 
19 03 2014 03 15 42 0.07 
19 03 2014 03 15 45 0.07 
19 03 2014 03 16 03 0.11 
19 03 2014 03 16 12 0.10 
19 03 2014 03 16 14 0.00 
19 03 2014 03 16 26 0.05 
19 03 2014 03 16 43 0.08 
19 03 2014 03 16 45 0.05 
19 03 2014 03 17 28 0.12 
19 03 2014 03 17 45 0.06 
19 03 2014 03 18 53 0.09 
19 03 2014 03 19 07 0.06 
19 03 2014 03 19 17 0.08 
19 03 2014 03 19 36 0.05 
19 03 2014 03 19 43 0.06 
19 03 2014 03 19 52 0.05 
19 03 2014 03 19 59 0.06 
19 03 2014 03 20 34 0.05 
19 03 2014 03 22 44 0.05 
19 03 2014 03 22 47 0.13 
19 03 2014 03 22 52 0.27 
19 03 2014 03 23 22 0.46 
19 03 2014 03 23 30 0.07 
19 03 2014 03 23 40 0.23 
19 03 2014 03 23 43 0.22 
19 03 2014 03 23 56 0.07 
19 03 2014 03 24 04 0.22 
19 03 2014 03 24 11 0.11 
19 03 2014 03 24 27 0.35 
19 03 2014 03 24 30 0.07 
19 03 2014 03 24 45 0.15 
19 03 2014 03 25 10 0.08 
19 03 2014 03 25 11 0.09 
19 03 2014 03 25 28 0.17 
19 03 2014 03 25 34 0.08 
19 03 2014 03 25 36 0.23 
19 03 2014 03 25 42 0.17 
19 03 2014 03 25 42 0.12 
19 03 2014 03 25 46 0.05 
19 03 2014 03 25 59 0.06 
19 03 2014 03 26 14 0.08 
19 03 2014 03 26 20 0.05 
19 03 2014 03 26 47 0.08 
19 03 2014 03 26 48 0.09 
19 03 2014 03 26 55 0.05 
19 03 2014 03 27 13 0.13 
19 03 2014 03 27 14 0.12 
19 03 2014 03 27 20 0.34 
19 03 2014 03 27 49 0.07 
19 03 2014 03 28 08 0.12 
19 03 2014 03 28 11 0.05 
19 03 2014 03 28 40 0.08 
19 03 2014 03 29 22 0.06 
19 03 2014 03 30 05 0.06 
19 03 2014 03 30 46 0.06 
19 03 2014 03 31 26 0.05 
19 03 2014 03 31 53 0.07 
19 03 2014 03 31 56 0.06 
19 03 2014 03 31 59 0.05 
19 03 2014 03 32 01 0.08 
19 03 2014 03 33 08 0.13 
19 03 2014 03 36 53 0.17 
19 03 2014 03 36 55 0.06 
19 03 2014 03 38 43 0.29 
19 03 2014 03 38 48 0.32 
19 03 2014 03 38 50 0.21 
19 03 2014 03 39 03 0.23 
19 03 2014 03 39 47 0.14 
19 03 2014 03 40 00 0.05 
19 03 2014 03 40 07 0.05 
19 03 2014 03 40 09 0.09 
19 03 2014 03 40 13 0.05 
19 03 2014 03 40 22 0.35 
19 03 2014 03 40 22 0.17 
19 03 2014 03 41 26 0.07 
19 03 2014 03 41 51 0.07 
19 03 2014 03 42 31 0.06 
19 03 2014 03 43 03 0.08 
19 03 2014 03 46 59 0.05 
19 03 2014 03 49 45 0.10 
19 03 2014 03 50 34 0.08 
19 03 2014 03 51 09 0.05 
19 03 2014 03 51 37 0.26 
19 03 2014 03 51 41 0.37 
19 03 2014 03 51 42 0.21 
19 03 2014 03 52 11 0.23 
19 03 2014 03 52 16 0.21 
19 03 2014 03 52 50 0.12 
19 03 2014 03 52 50 0.10 
19 03 2014 03 52 53 0.13 
19 03 2014 03 53 06 0.07 
19 03 2014 03 53 06 0.12 
19 03 2014 03 53 21 0.19 
19 03 2014 03 53 35 0.10 
19 03 2014 03 53 57 0.06 
19 03 2014 03 54 03 0.20 
19 03 2014 03 54 10 0.10 
19 03 2014 03 54 18 0.08 
19 03 2014 03 54 19 0.07 
19 03 2014 03 54 20 0.15 
19 03 2014 03 54 26 0.09 
19 03 2014 03 54 28 0.10 
19 03 2014 03 54 28 0.30 
19 03 2014 03 54 31 0.07 
19 03 2014 03 54 36 0.16 
19 03 2014 03 54 47 0.07 
19 03 2014 03 54 49 0.06 
19 03 2014 03 54 52 0.12 
19 03 2014 03 55 16 0.10 
19 03 2014 03 55 26 0.18 
19 03 2014 03 55 42 0.06 
19 03 2014 03 55 44 0.05 
19 03 2014 03 55 44 0.10 
19 03 2014 03 55 47 0.33 
19 03 2014 03 55 52 0.06 
19 03 2014 03 55 52 0.18 
19 03 2014 03 55 54 0.05 
19 03 2014 03 56 13 0.11 
19 03 2014 03 56 24 0.09 
19 03 2014 03 56 37 0.01 
19 03 2014 03 56 52 0.06 
19 03 2014 03 57 07 0.25 
19 03 2014 03 57 22 0.07 
19 03 2014 03 57 46 0.05 
19 03 2014 03 57 53 0.13 
19 03 2014 03 58 08 0.18 
19 03 2014 03 58 08 0.05 
19 03 2014 03 58 09 0.83 
19 03 2014 03 58 27 0.07 
19 03 2014 03 58 27 0.09 
19 03 2014 03 58 41 0.41 
19 03 2014 03 58 54 0.05 
19 03 2014 03 59 00 0.05 
19 03 2014 03 59 01 0.31 
19 03 2014 03 59 02 0.17 
19 03 2014 03 59 28 0.06 
19 03 2014 03 59 42 0.08 
19 03 2014 03 59 48 0.07 
19 03 2014 03 59 53 0.21 
19 03 2014 03 59 58 0.00 
19 03 2014 03 59 58 0.06 
19 03 2014 03 59 59 0.05 
19 03 2014 04 00 03 0.05 
19 03 2014 04 00 18 0.23 
19 03 2014 04 00 28 0.06 
19 03 2014 04 00 30 0.07 
19 03 2014 04 00 37 0.16 
19 03 2014 04 00 43 0.07 
19 03 2014 04 00 59 0.09 
19 03 2014 04 01 09 0.10 
19 03 2014 04 01 13 0.07 
19 03 2014 04 01 35 0.10 
19 03 2014 04 01 45 0.05 
19 03 2014 04 01 47 0.32 
19 03 2014 04 01 49 0.05 
19 03 2014 04 01 49 0.07 
19 03 2014 04 02 00 0.11 
19 03 2014 04 02 30 0.23 
19 03 2014 04 02 35 0.05 
19 03 2014 04 02 42 0.06 
19 03 2014 04 02 43 0.12 
19 03 2014 04 02 44 0.07 
19 03 2014 04 03 01 0.41 
19 03 2014 04 03 03 0.05 
19 03 2014 04 03 03 0.05 
19 03 2014 04 03 12 0.05 
19 03 2014 04 03 14 0.19 
19 03 2014 04 03 35 0.06 
19 03 2014 04 03 42 0.35 
19 03 2014 04 03 45 0.23 
19 03 2014 04 03 52 0.16 
19 03 2014 04 03 58 0.06 
19 03 2014 04 04 17 0.11 
19 03 2014 04 04 22 0.07 
19 03 2014 04 04 22 0.05 
19 03 2014 04 04 26 0.06 
19 03 2014 04 04 39 0.32 
19 03 2014 04 04 49 0.05 
19 03 2014 04 05 00 0.07 
19 03 2014 04 05 12 0.09 
19 03 2014 04 05 33 0.05 
19 03 2014 04 05 34 0.07 
19 03 2014 04 05 35 0.40 
19 03 2014 04 05 36 0.09 
19 03 2014 04 05 41 0.11 
19 03 2014 04 05 48 0.08 
19 03 2014 04 05 50 0.09 
19 03 2014 04 05 55 0.06 
19 03 2014 04 05 55 0.08 
19 03 2014 04 05 58 0.13 
19 03 2014 04 06 00 0.07 
19 03 2014 04 06 09 0.09 
19 03 2014 04 06 10 0.52 
19 03 2014 04 06 17 0.05 
19 03 2014 04 06 25 0.06 
19 03 2014 04 06 38 0.62 
19 03 2014 04 06 46 0.17 
19 03 2014 04 07 04 0.16 
19 03 2014 04 07 04 0.05 
19 03 2014 04 07 08 0.55 
19 03 2014 04 07 13 0.06 
19 03 2014 04 07 21 0.23 
19 03 2014 04 07 25 0.09 
19 03 2014 04 07 42 0.09 
19 03 2014 04 07 43 0.41 
19 03 2014 04 07 55 0.18 
19 03 2014 04 07 56 0.33 
19 03 2014 04 08 08 0.13 
19 03 2014 04 08 15 0.06 
19 03 2014 04 08 17 0.06 
19 03 2014 04 08 23 0.48 
19 03 2014 04 08 30 0.07 
19 03 2014 04 08 39 0.08 
19 03 2014 04 08 43 0.09 
19 03 2014 04 08 54 0.06 
19 03 2014 04 08 57 0.27 
19 03 2014 04 08 57 0.05 
19 03 2014 04 08 58 0.13 
19 03 2014 04 09 02 0.29 
19 03 2014 04 09 04 0.06 
19 03 2014 04 09 10 0.23 
19 03 2014 04 09 14 0.11 
19 03 2014 04 09 31 0.09 
19 03 2014 04 09 33 0.23 
19 03 2014 04 09 41 0.07 
19 03 2014 04 09 51 0.38 
19 03 2014 04 09 55 0.10 
19 03 2014 04 10 01 0.10 
19 03 2014 04 10 01 0.05 
19 03 2014 04 10 03 0.13 
19 03 2014 04 10 28 0.15 
19 03 2014 04 10 39 0.27 
19 03 2014 04 11 09 0.09 
19 03 2014 04 11 18 0.16 
19 03 2014 04 11 24 0.06 
19 03 2014 04 11 27 0.30 
19 03 2014 04 11 30 0.08 
19 03 2014 04 11 31 0.24 
19 03 2014 04 11 35 0.06 
19 03 2014 04 11 38 0.08 
19 03 2014 04 11 39 0.00 
19 03 2014 04 11 40 0.21 
19 03 2014 04 11 45 0.07 
19 03 2014 04 11 47 0.05 
19 03 2014 04 11 49 0.11 
19 03 2014 04 11 50 0.06 
19 03 2014 04 11 58 0.10 
19 03 2014 04 11 58 0.35 
19 03 2014 04 11 58 0.07 
19 03 2014 04 12 05 0.05 
19 03 2014 04 12 05 0.30 
19 03 2014 04 12 35 0.18 
19 03 2014 04 12 36 0.14 
19 03 2014 04 12 38 0.07 
19 03 2014 04 12 40 0.15 
19 03 2014 04 12 56 0.24 
19 03 2014 04 12 56 0.06 
19 03 2014 04 12 57 0.05 
19 03 2014 04 12 57 0.05 
19 03 2014 04 13 03 0.08 
19 03 2014 04 13 20 0.42 
19 03 2014 04 13 43 0.06 
19 03 2014 04 13 43 0.05 
19 03 2014 04 13 47 0.07 
19 03 2014 04 13 52 0.07 
19 03 2014 04 13 56 0.08 
19 03 2014 04 14 01 0.05 
19 03 2014 04 14 02 0.06 
19 03 2014 04 14 03 0.05 
19 03 2014 04 14 04 0.23 
19 03 2014 04 14 07 0.06 
19 03 2014 04 14 09 0.07 
19 03 2014 04 14 14 0.19 
19 03 2014 04 14 17 0.10 
19 03 2014 04 14 17 0.26 
19 03 2014 04 14 28 0.83 
19 03 2014 04 14 31 0.00 
19 03 2014 04 14 32 0.06 
19 03 2014 04 14 33 0.09 
19 03 2014 04 14 37 0.07 
19 03 2014 04 14 44 0.19 
19 03 2014 04 14 46 0.05 
19 03 2014 04 14 49 0.23 
19 03 2014 04 14 51 0.47 
19 03 2014 04 14 51 0.20 
19 03 2014 04 14 55 0.17 
19 03 2014 04 15 01 0.06 
19 03 2014 04 15 03 0.05 
19 03 2014 04 15 09 0.05 
19 03 2014 04 15 13 0.11 
19 03 2014 04 15 40 0.06 
19 03 2014 04 15 59 0.06 
19 03 2014 04 16 21 0.06 
19 03 2014 04 16 26 0.07 
19 03 2014 04 16 35 0.05 
19 03 2014 04 17 10 0.20 
19 03 2014 04 17 38 0.07 
19 03 2014 04 18 41 0.05 
19 03 2014 04 19 48 0.34 
19 03 2014 04 21 28 0.06 
19 03 2014 04 21 36 0.21 
19 03 2014 04 22 00 0.07 
19 03 2014 04 22 28 0.10 
19 03 2014 04 23 10 0.06 
19 03 2014 04 25 06 0.07 
19 03 2014 04 25 22 0.05 
19 03 2014 04 25 33 0.05 
19 03 2014 04 26 30 0.05 
19 03 2014 04 26 41 0.06 
19 03 2014 04 26 53 0.07 
19 03 2014 04 27 00 0.10 
19 03 2014 04 27 15 0.10 
19 03 2014 04 27 39 0.07 
19 03 2014 04 27 39 0.29 
19 03 2014 04 27 41 0.09 
19 03 2014 04 27 48 0.41 
19 03 2014 04 27 52 0.05 
19 03 2014 04 27 53 0.06 
19 03 2014 04 27 58 0.05 
19 03 2014 04 28 04 0.23 
19 03 2014 04 28 14 0.00 
19 03 2014 04 28 17 0.06 
19 03 2014 04 28 21 0.12 
19 03 2014 04 28 23 0.27 
19 03 2014 04 28 41 0.07 
19 03 2014 04 28 42 0.05 
19 03 2014 04 28 44 0.09 
19 03 2014 04 28 48 0.08 
19 03 2014 04 28 58 0.09 
19 03 2014 04 28 58 0.15 
19 03 2014 04 29 18 0.05 
19 03 2014 04 29 21 0.05 
19 03 2014 04 29 25 0.07 
19 03 2014 04 29 59 0.21 
19 03 2014 04 30 00 0.05 
19 03 2014 04 30 02 0.05 
19 03 2014 04 30 26 0.09 
19 03 2014 04 30 32 0.05 
19 03 2014 04 30 44 0.05 
19 03 2014 04 30 55 0.05 
19 03 2014 04 31 00 0.09 
19 03 2014 04 31 06 0.10 
19 03 2014 04 31 23 0.06 
19 03 2014 04 31 47 0.06 
19 03 2014 04 32 05 0.07 
19 03 2014 04 32 10 0.07 
19 03 2014 04 32 13 0.05 
19 03 2014 04 32 15 0.05 
19 03 2014 04 32 23 0.06 
19 03 2014 04 32 34 0.07 
19 03 2014 04 33 50 0.14 
19 03 2014 04 33 52 0.20 
19 03 2014 04 34 04 0.14 
19 03 2014 04 34 14 0.05 
19 03 2014 04 34 56 0.10 
19 03 2014 04 35 08 0.10 
19 03 2014 04 35 57 0.14 
19 03 2014 04 35 59 0.07 
19 03 2014 04 36 24 0.05 
19 03 2014 04 36 36 0.07 
19 03 2014 04 37 01 0.24 
19 03 2014 04 37 02 0.09 
19 03 2014 04 37 26 0.06 
19 03 2014 04 37 32 0.08 
19 03 2014 04 37 38 0.07 
19 03 2014 04 38 58 0.06 
19 03 2014 04 39 07 0.05 
19 03 2014 04 40 03 1.65 
19 03 2014 04 40 07 0.10 
19 03 2014 04 41 03 0.00 
19 03 2014 04 41 13 0.07 
19 03 2014 04 41 15 0.06 
19 03 2014 04 41 20 0.06 
19 03 2014 04 41 40 0.05 
19 03 2014 04 41 46 0.15 
19 03 2014 04 42 03 0.19 
19 03 2014 04 42 09 0.07 
19 03 2014 04 42 15 0.06 
19 03 2014 04 42 16 0.07 
19 03 2014 04 42 31 0.08 
19 03 2014 04 42 52 0.05 
19 03 2014 04 42 58 0.13 
19 03 2014 04 42 58 0.05 
19 03 2014 04 43 00 0.19 
19 03 2014 04 43 07 0.06 
19 03 2014 04 43 15 0.10 
19 03 2014 04 43 55 0.13 
19 03 2014 04 44 00 0.05 
19 03 2014 04 44 00 0.08 
19 03 2014 04 44 09 0.15 
19 03 2014 04 44 20 0.14 
19 03 2014 04 44 27 0.12 
19 03 2014 04 45 38 0.26 
19 03 2014 04 45 49 0.07 
19 03 2014 04 46 02 0.07 
19 03 2014 04 46 34 0.05 
19 03 2014 04 46 41 0.23 
19 03 2014 04 47 17 0.10 
19 03 2014 04 47 29 0.16 
19 03 2014 04 47 40 0.05 
19 03 2014 04 48 05 0.32 
19 03 2014 04 48 29 0.06 
19 03 2014 04 48 44 0.33 
19 03 2014 04 48 59 0.07 
19 03 2014 04 49 08 0.07 
19 03 2014 04 49 45 0.07 
19 03 2014 04 49 52 0.09 
19 03 2014 04 50 13 0.12 
19 03 2014 04 50 17 0.06 
19 03 2014 04 50 32 0.15 
19 03 2014 04 50 33 0.14 
19 03 2014 04 50 38 0.05 
19 03 2014 04 51 03 0.44 
19 03 2014 04 51 19 0.06 
19 03 2014 04 52 14 0.08 
19 03 2014 04 52 25 0.13 
19 03 2014 04 52 30 0.07 
19 03 2014 04 52 31 0.11 
19 03 2014 04 52 34 0.75 
19 03 2014 04 52 56 0.07 
19 03 2014 04 53 03 0.14 
19 03 2014 04 53 10 0.14 
19 03 2014 04 53 24 0.05 
19 03 2014 04 53 28 0.06 
19 03 2014 04 54 03 0.25 
19 03 2014 04 54 04 0.12 
19 03 2014 04 54 17 0.10 
19 03 2014 04 54 19 0.06 
19 03 2014 04 54 22 0.15 
19 03 2014 04 54 27 0.00 
19 03 2014 04 54 34 0.10 
19 03 2014 04 54 44 0.59 
19 03 2014 04 54 53 0.55 
19 03 2014 04 54 53 0.06 
19 03 2014 04 55 05 0.05 
19 03 2014 04 55 10 0.13 
19 03 2014 04 55 11 0.13 
19 03 2014 04 55 15 0.58 
19 03 2014 04 55 19 0.13 
19 03 2014 04 55 22 0.10 
19 03 2014 04 55 22 0.09 
19 03 2014 04 55 29 0.07 
19 03 2014 04 55 29 0.06 
19 03 2014 04 55 31 0.10 
19 03 2014 04 55 34 0.05 
19 03 2014 04 55 37 0.09 
19 03 2014 04 55 48 0.10 
19 03 2014 04 56 01 0.31 
19 03 2014 04 56 01 0.06 
19 03 2014 04 56 02 0.07 
19 03 2014 04 56 06 0.19 
19 03 2014 04 56 08 0.28 
19 03 2014 04 56 18 0.00 
19 03 2014 04 56 20 0.28 
19 03 2014 04 56 20 0.08 
19 03 2014 04 56 24 0.08 
19 03 2014 04 56 26 0.32 
19 03 2014 04 56 48 0.08 
19 03 2014 04 56 51 0.00 
19 03 2014 04 56 53 0.09 
19 03 2014 04 57 05 0.05 
19 03 2014 04 57 05 0.05 
19 03 2014 04 57 18 0.06 
19 03 2014 04 57 20 0.11 
19 03 2014 04 57 21 0.11 
19 03 2014 04 57 22 0.14 
19 03 2014 04 57 28 0.00 
19 03 2014 04 57 33 0.00 
19 03 2014 04 57 33 0.06 
19 03 2014 04 57 33 0.09 
19 03 2014 04 57 48 0.09 
19 03 2014 04 57 49 0.13 
19 03 2014 04 57 52 0.06 
19 03 2014 04 58 02 0.28 
19 03 2014 04 58 04 0.06 
19 03 2014 04 58 11 0.10 
19 03 2014 04 58 17 0.11 
19 03 2014 04 58 28 0.13 
19 03 2014 04 58 29 0.07 
19 03 2014 04 58 30 0.13 
19 03 2014 04 58 33 0.00 
19 03 2014 04 58 43 0.17 
19 03 2014 04 58 51 0.05 
19 03 2014 04 58 54 0.10 
19 03 2014 04 59 00 0.17 
19 03 2014 04 59 04 0.07 
19 03 2014 04 59 06 0.10 
19 03 2014 04 59 10 0.05 
19 03 2014 04 59 10 0.07 
19 03 2014 04 59 25 0.00 
19 03 2014 04 59 34 0.05 
19 03 2014 04 59 58 0.00 
19 03 2014 05 00 01 0.09 
19 03 2014 05 00 18 0.05 
19 03 2014 05 00 26 0.06 
19 03 2014 05 00 26 0.10 
19 03 2014 05 00 27 0.19 
19 03 2014 05 00 27 0.15 
19 03 2014 05 00 39 0.17 
19 03 2014 05 00 41 0.05 
19 03 2014 05 00 55 0.09 
19 03 2014 05 00 55 0.06 
19 03 2014 05 00 55 0.77 
19 03 2014 05 00 56 0.00 
19 03 2014 05 00 56 0.14 
19 03 2014 05 00 57 0.24 
19 03 2014 05 01 05 0.08 
19 03 2014 05 01 13 0.12 
19 03 2014 05 01 17 0.26 
19 03 2014 05 01 21 0.54 
19 03 2014 05 01 26 0.16 
19 03 2014 05 01 33 0.09 
19 03 2014 05 01 34 0.14 
19 03 2014 05 01 36 0.07 
19 03 2014 05 01 50 0.05 
19 03 2014 05 01 53 0.41 
19 03 2014 05 01 54 0.07 
19 03 2014 05 01 55 0.07 
19 03 2014 05 02 01 0.21 
19 03 2014 05 02 25 1.02 
19 03 2014 05 02 42 0.06 
19 03 2014 05 02 43 0.05 
19 03 2014 05 02 45 0.38 
19 03 2014 05 02 50 0.11 
19 03 2014 05 02 50 0.07 
19 03 2014 05 02 51 0.05 
19 03 2014 05 03 00 0.06 
19 03 2014 05 03 07 0.35 
19 03 2014 05 03 10 0.08 
19 03 2014 05 03 10 0.09 
19 03 2014 05 03 14 0.23 
19 03 2014 05 03 14 0.13 
19 03 2014 05 03 28 0.07 
19 03 2014 05 03 29 0.11 
19 03 2014 05 03 31 0.00 
19 03 2014 05 03 34 0.83 
19 03 2014 05 03 44 0.10 
19 03 2014 05 04 02 0.10 
19 03 2014 05 04 07 0.17 
19 03 2014 05 04 08 0.15 
19 03 2014 05 04 16 0.17 
19 03 2014 05 04 18 0.12 
19 03 2014 05 04 18 0.09 
19 03 2014 05 04 19 0.13 
19 03 2014 05 04 32 0.21 
19 03 2014 05 04 35 0.00 
19 03 2014 05 04 37 0.32 
19 03 2014 05 04 37 2.15 
19 03 2014 05 04 44 0.05 
19 03 2014 05 04 50 0.07 
19 03 2014 05 05 06 0.07 
19 03 2014 05 05 10 0.02 
19 03 2014 05 05 30 0.56 
19 03 2014 05 05 37 0.09 
19 03 2014 05 05 41 0.01 
19 03 2014 05 05 46 0.07 
19 03 2014 05 05 52 0.10 
19 03 2014 05 05 56 0.00 
19 03 2014 05 05 56 0.41 
19 03 2014 05 05 58 0.00 
19 03 2014 05 06 02 0.28 
19 03 2014 05 06 04 1.06 
19 03 2014 05 06 05 0.05 
19 03 2014 05 06 11 0.07 
19 03 2014 05 06 20 0.15 
19 03 2014 05 06 27 0.08 
19 03 2014 05 06 29 0.50 
19 03 2014 05 06 31 0.20 
19 03 2014 05 06 39 0.07 
19 03 2014 05 06 41 0.11 
19 03 2014 05 06 42 0.64 
19 03 2014 05 06 49 0.14 
19 03 2014 05 07 04 0.09 
19 03 2014 05 07 07 0.00 
19 03 2014 05 07 13 0.00 
19 03 2014 05 07 25 0.16 
19 03 2014 05 07 33 0.24 
19 03 2014 05 07 34 0.30 
19 03 2014 05 07 38 0.27 
19 03 2014 05 07 40 0.16 
19 03 2014 05 07 41 0.00 
19 03 2014 05 07 44 0.37 
19 03 2014 05 07 44 0.07 
19 03 2014 05 07 48 0.12 
19 03 2014 05 07 50 0.15 
19 03 2014 05 07 54 0.05 
19 03 2014 05 07 58 0.11 
19 03 2014 05 08 02 0.13 
19 03 2014 05 08 08 0.11 
19 03 2014 05 08 23 0.27 
19 03 2014 05 08 23 0.26 
19 03 2014 05 08 26 0.10 
19 03 2014 05 08 28 0.18 
19 03 2014 05 08 34 0.50 
19 03 2014 05 08 39 0.11 
19 03 2014 05 08 40 0.06 
19 03 2014 05 09 00 0.06 
19 03 2014 05 09 03 0.10 
19 03 2014 05 09 05 0.05 
19 03 2014 05 09 18 0.29 
19 03 2014 05 09 20 0.12 
19 03 2014 05 09 21 0.06 
19 03 2014 05 09 22 0.13 
19 03 2014 05 09 22 0.55 
19 03 2014 05 09 24 0.08 
19 03 2014 05 09 35 0.14 
19 03 2014 05 09 35 0.07 
19 03 2014 05 09 50 0.06 
19 03 2014 05 09 58 0.84 
19 03 2014 05 09 59 0.05 
19 03 2014 05 10 01 0.18 
19 03 2014 05 10 03 0.11 
19 03 2014 05 10 03 0.22 
19 03 2014 05 10 10 0.60 
19 03 2014 05 10 14 0.05 
19 03 2014 05 10 18 0.13 
19 03 2014 05 10 25 0.09 
19 03 2014 05 10 25 0.10 
19 03 2014 05 10 29 0.19 
19 03 2014 05 10 51 0.11 
19 03 2014 05 10 59 0.00 
19 03 2014 05 11 00 0.00 
19 03 2014 05 11 02 0.19 
19 03 2014 05 11 03 0.06 
19 03 2014 05 11 03 0.00 
19 03 2014 05 11 04 0.15 
19 03 2014 05 11 06 0.52 
19 03 2014 05 11 21 0.27 
19 03 2014 05 11 23 0.33 
19 03 2014 05 11 28 0.32 
19 03 2014 05 11 31 0.10 
19 03 2014 05 11 51 0.00 
19 03 2014 05 11 52 0.05 
19 03 2014 05 12 07 0.00 
19 03 2014 05 12 23 0.12 
19 03 2014 05 12 23 0.50 
19 03 2014 05 12 26 0.09 
19 03 2014 05 12 27 0.59 
19 03 2014 05 12 28 0.32 
19 03 2014 05 12 30 0.07 
19 03 2014 05 12 37 0.00 
19 03 2014 05 12 46 0.06 
19 03 2014 05 12 50 0.16 
19 03 2014 05 12 51 0.11 
19 03 2014 05 12 53 0.24 
19 03 2014 05 12 54 0.08 
19 03 2014 05 12 56 0.21 
19 03 2014 05 13 02 0.05 
19 03 2014 05 13 13 0.11 
19 03 2014 05 13 21 0.14 
19 03 2014 05 13 27 0.17 
19 03 2014 05 13 28 0.00 
19 03 2014 05 13 29 0.05 
19 03 2014 05 13 29 0.21 
19 03 2014 05 13 31 0.06 
19 03 2014 05 13 33 0.08 
19 03 2014 05 13 34 0.06 
19 03 2014 05 13 43 0.19 
19 03 2014 05 13 47 0.12 
19 03 2014 05 13 51 0.07 
19 03 2014 05 13 54 0.11 
19 03 2014 05 14 13 0.46 
19 03 2014 05 14 24 0.01 
19 03 2014 05 14 24 0.06 
19 03 2014 05 14 31 0.09 
19 03 2014 05 14 36 0.83 
19 03 2014 05 14 54 0.30 
19 03 2014 05 14 56 0.06 
19 03 2014 05 15 00 0.08 
19 03 2014 05 15 00 0.07 
19 03 2014 05 15 07 0.16 
19 03 2014 05 15 19 0.00 
19 03 2014 05 15 24 0.07 
19 03 2014 05 15 26 0.14 
19 03 2014 05 15 26 0.11 
19 03 2014 05 15 34 0.06 
19 03 2014 05 16 01 0.21 
19 03 2014 05 16 06 0.01 
19 03 2014 05 16 08 0.10 
19 03 2014 05 16 15 0.17 
19 03 2014 05 16 17 0.05 
19 03 2014 05 16 35 0.05 
19 03 2014 05 16 37 0.00 
19 03 2014 05 16 39 0.00 
19 03 2014 05 16 53 0.06 
19 03 2014 05 16 54 0.10 
19 03 2014 05 17 01 0.10 
19 03 2014 05 17 09 0.06 
19 03 2014 05 17 12 0.05 
19 03 2014 05 17 17 0.11 
19 03 2014 05 17 20 0.10 
19 03 2014 05 17 21 0.05 
19 03 2014 05 17 26 0.40 
19 03 2014 05 17 47 0.13 
19 03 2014 05 17 49 0.47 
19 03 2014 05 17 55 0.07 
19 03 2014 05 17 58 0.05 
19 03 2014 05 18 10 0.05 
19 03 2014 05 18 14 0.14 
19 03 2014 05 18 25 0.13 
19 03 2014 05 18 30 0.00 
19 03 2014 05 18 30 0.62 
19 03 2014 05 18 32 0.09 
19 03 2014 05 18 35 0.00 
19 03 2014 05 18 48 0.09 
19 03 2014 05 19 00 0.10 
19 03 2014 05 19 04 0.07 
19 03 2014 05 19 15 0.15 
19 03 2014 05 19 15 0.12 
19 03 2014 05 19 22 0.15 
19 03 2014 05 19 23 0.00 
19 03 2014 05 19 33 0.14 
19 03 2014 05 19 36 0.00 
19 03 2014 05 19 49 0.17 
19 03 2014 05 20 04 0.11 
19 03 2014 05 20 14 0.10 
19 03 2014 05 20 35 0.09 
19 03 2014 05 20 50 0.08 
19 03 2014 05 20 57 0.00 
19 03 2014 05 21 06 0.11 
19 03 2014 05 21 06 0.17 
19 03 2014 05 21 29 0.05 
19 03 2014 05 21 49 0.07 
19 03 2014 05 21 58 0.19 
19 03 2014 05 22 13 0.11 
19 03 2014 05 22 48 0.06 
19 03 2014 05 23 04 0.00 
19 03 2014 05 23 14 0.21 
19 03 2014 05 23 35 0.09 
19 03 2014 05 23 42 0.02 
19 03 2014 05 23 43 0.05 
19 03 2014 05 23 50 0.05 
19 03 2014 05 23 52 0.10 
19 03 2014 05 23 55 0.27 
19 03 2014 05 24 14 0.05 
19 03 2014 05 24 20 0.12 
19 03 2014 05 24 34 0.13 
19 03 2014 05 24 54 0.05 
19 03 2014 05 24 56 0.17 
19 03 2014 05 25 46 0.00 
19 03 2014 05 25 53 0.32 
19 03 2014 05 26 03 0.09 
19 03 2014 05 26 17 0.00 
19 03 2014 05 26 19 0.22 
19 03 2014 05 26 35 0.09 
19 03 2014 05 26 47 0.19 
19 03 2014 05 27 11 0.15 
19 03 2014 05 27 18 0.13 
19 03 2014 05 27 18 0.13 
19 03 2014 05 27 20 0.07 
19 03 2014 05 27 59 0.39 
19 03 2014 05 27 59 0.15 
19 03 2014 05 28 12 0.10 
19 03 2014 05 28 52 0.16 
19 03 2014 05 28 52 0.00 
19 03 2014 05 28 57 0.12 
19 03 2014 05 28 58 0.18 
19 03 2014 05 29 15 0.16 
19 03 2014 05 29 16 0.10 
19 03 2014 05 29 21 0.11 
19 03 2014 05 29 22 0.00 
19 03 2014 05 29 44 0.05 
19 03 2014 05 30 07 0.00 
19 03 2014 05 30 17 0.05 
19 03 2014 05 30 17 0.05 
19 03 2014 05 30 18 0.12 
19 03 2014 05 30 18 0.00 
19 03 2014 05 30 30 0.12 
19 03 2014 05 30 33 0.00 
19 03 2014 05 30 37 0.26 
19 03 2014 05 30 39 0.31 
19 03 2014 05 30 55 0.15 
19 03 2014 05 30 59 0.35 
19 03 2014 05 31 02 0.00 
19 03 2014 05 31 23 0.06 
19 03 2014 05 31 31 0.07 
19 03 2014 05 31 31 0.06 
19 03 2014 05 31 34 0.08 
19 03 2014 05 31 52 0.09 
19 03 2014 05 31 55 0.09 
19 03 2014 05 32 02 0.29 
19 03 2014 05 32 11 0.12 
19 03 2014 05 32 13 0.30 
19 03 2014 05 32 28 0.05 
19 03 2014 05 32 32 0.05 
19 03 2014 05 32 41 0.08 
19 03 2014 05 32 41 0.00 
19 03 2014 05 32 43 0.07 
19 03 2014 05 32 47 0.10 
19 03 2014 05 32 53 0.07 
19 03 2014 05 33 32 1.65 
19 03 2014 05 33 38 0.08 
19 03 2014 05 34 41 0.05 
19 03 2014 05 34 45 0.05 
19 03 2014 05 35 05 0.15 
19 03 2014 05 35 33 0.05 
19 03 2014 05 36 05 0.07 
19 03 2014 05 36 31 0.11 
19 03 2014 05 37 31 0.08 
19 03 2014 05 37 53 0.06 
19 03 2014 05 38 48 0.09 
19 03 2014 05 39 12 0.05 
19 03 2014 05 41 24 0.06 
19 03 2014 05 43 58 0.05 
19 03 2014 05 44 28 0.05 
19 03 2014 05 45 39 0.05 
19 03 2014 05 47 18 0.10 
19 03 2014 05 47 30 0.05 
19 03 2014 05 48 32 0.09 
19 03 2014 05 48 48 0.05 
19 03 2014 05 52 25 0.07 
19 03 2014 05 56 00 0.08 
19 03 2014 05 58 34 0.06 
19 03 2014 06 24 26 0.07 
19 03 2014 06 32 40 0.06 
19 03 2014 06 33 27 0.15 
19 03 2014 06 33 30 0.05 
19 03 2014 06 36 01 0.29 
19 03 2014 06 36 35 0.05 
19 03 2014 06 37 59 0.06 
19 03 2014 06 38 06 0.06 
19 03 2014 06 39 05 0.06 
19 03 2014 06 44 18 0.08