0	0	0
0	1	0
0	2	0
0	3	0
0	4	0.0019074
0	5	0.0056899
0	6	0.0056899
0	7	0.0056899
0	8	0.0056899
0	9	0.0056899
0	10	0.0056899
0	11	0.008873
0	12	0.017303
0	13	0.019008
0	14	0.020129
0	15	0.022036
0	16	0.041766
0	17	0.048562
0	18	0.051309
0	19	0.054523
0	20	0.059038
0	21	0.059038
0	22	0.06312
0	23	0.067869
0	24	0.074965
0	25	0.12188
0	26	0.12339
0	27	0.12339
0	28	0.12432
0	29	0.12432
0	30	0.12603
0	31	0.12921
0	32	0.13355
0	33	0.13546
0	34	0.13546
0	35	0.13639
0	36	0.13639
0	37	0.13639
0	38	0.14048
0	39	0.1446
0	40	0.14572
0	41	0.15238
0	42	0.15238
0	43	0.15946
0	44	0.16771
0	45	0.17333
0	46	0.17853
0	47	0.18323
0	48	0.19093
0	49	0.19542
0	50	0.19608
0	51	0.20034
0	52	0.21681
0	53	0.22385
0	54	0.24256
0	55	0.24493
0	56	0.26774
0	57	0.28355
0	58	0.298
0	59	0.3356
1	0	0.3989
1	1	0.43129
1	2	0.43545
1	3	0.43883
1	4	0.47734
1	5	0.53124
1	6	0.53348
1	7	0.53581
1	8	0.5638
1	9	0.61263
1	10	0.65407
1	11	0.67202
1	12	0.67544
1	13	0.68454
1	14	0.69211
1	15	0.69837
1	16	0.70498
1	17	0.70782
1	18	0.71453
1	19	0.71453
1	20	0.72471
1	21	0.73163
1	22	0.76426
1	23	0.77436
1	24	0.78768
1	25	0.7915
1	26	0.79356
1	27	0.79544
1	28	0.82144
1	29	0.82683
1	30	0.83064
1	31	0.83995
1	32	0.84291
1	33	0.86181
1	34	0.87192
1	35	0.9083
1	36	0.94898
1	37	1.0252
1	38	1.053
1	39	1.0629
1	40	1.092
1	41	1.1419
1	42	1.1975
1	43	1.2272
1	44	1.2648
1	45	1.2914
1	46	1.3017
1	47	1.3083
1	48	1.3111
1	49	1.3111
1	50	1.3154
1	51	1.3154
1	52	1.3154
1	53	1.3154
1	54	1.3154
1	55	1.3154
1	56	1.3154
1	57	1.3154
1	58	1.3173
1	59	1.3219
2	0	1.3219
2	1	1.3251
2	2	1.3283
2	3	1.3362
2	4	1.3553
2	5	1.3673
2	6	1.3881
2	7	1.4654
2	8	1.5335
2	9	1.5666
2	10	1.5834
2	11	1.6577
2	12	1.7646
2	13	1.8715
2	14	1.9521
2	15	2.0495
2	16	2.1229
2	17	2.2021
2	18	2.2756
2	19	2.3351
2	20	2.4596
2	21	2.5759
2	22	2.6093
2	23	2.6951
2	24	2.7392
2	25	2.7712
2	26	2.7913
2	27	2.8436
2	28	2.9002
2	29	3.0417
2	30	3.1182
2	31	3.3992
2	32	3.7506
2	33	3.9091
2	34	4.0691
2	35	4.1804
2	36	4.4205
2	37	4.7027
2	38	4.8461
2	39	5.0459
2	40	5.1851
2	41	5.2799
2	42	5.3314
2	43	5.4361
2	44	5.4772
2	45	5.5221
2	46	5.573
2	47	5.6363
2	48	5.6544
2	49	5.6809
2	50	5.7135
2	51	5.7366
2	52	5.7563
2	53	5.782
2	54	5.799
2	55	5.8123
2	56	5.8193
2	57	5.8823
2	58	5.9313
2	59	5.9742
3	0	5.9927
3	1	6.0899
3	2	6.1243
3	3	6.1573
3	4	6.2296
3	5	6.2853
3	6	6.2999
3	7	6.3105
3	8	6.3226
3	9	6.3325
3	10	6.3381
3	11	6.3409
3	12	6.3521
3	13	6.3727
3	14	6.3843
3	15	6.3914
3	16	6.3979
3	17	6.405
3	18	6.4081
3	19	6.4096
3	20	6.4152
3	21	6.416
3	22	6.416
3	23	6.4245
3	24	6.4459
3	25	6.4634
3	26	6.4823
3	27	6.4879
3	28	6.5007
3	29	6.5048
3	30	6.5058
3	31	6.5076
3	32	6.5112
3	33	6.5125
3	34	6.5148
3	35	6.5148
3	36	6.5148
3	37	6.519
3	38	6.519
3	39	6.5357
3	40	6.5428
3	41	6.5572
3	42	6.5594
3	43	6.5603
3	44	6.5617
3	45	6.5617
3	46	6.5617
3	47	6.5624
3	48	6.5624
3	49	6.5624
3	50	6.5641
3	51	6.5654
3	52	6.5835
3	53	6.5982
3	54	6.6077
3	55	6.6361
3	56	6.6567
3	57	6.6617
3	58	6.6709
3	59	6.708
4	0	6.7282
4	1	6.7411
4	2	6.755
4	3	6.7663
4	4	6.798
4	5	6.8102
4	6	6.8342
4	7	6.8682
4	8	6.9124
4	9	6.9408
4	10	6.9712
4	11	6.9842
4	12	7.0239
4	13	7.0479
4	14	7.0637
4	15	7.1346
4	16	7.1408
4	17	7.1436
4	18	7.1486
4	19	7.1493
4	20	7.1565
4	21	7.1565
4	22	7.1615
4	23	7.1644
4	24	7.1653
4	25	7.1653
4	26	7.1679
4	27	7.1707
4	28	7.1942
4	29	7.2169
4	30	7.2236
4	31	7.2288
4	32	7.2339
4	33	7.2397
4	34	7.2461
4	35	7.2511
4	36	7.2565
4	37	7.2583
4	38	7.268
4	39	7.2689
4	40	7.2697
4	41	7.2991
4	42	7.3062
4	43	7.3182
4	44	7.3268
4	45	7.3362
4	46	7.3426
4	47	7.349
4	48	7.3544
4	49	7.3701
4	50	7.3739
4	51	7.383
4	52	7.3936
4	53	7.4197
4	54	7.4264
4	55	7.4687
4	56	7.5008
4	57	7.5379
4	58	7.5552
4	59	7.5776
5	0	7.5875
5	1	7.632
5	2	7.6731
5	3	7.7171
5	4	7.7611
5	5	7.829
5	6	7.859
5	7	7.934
5	8	7.9765
5	9	8.0107
5	10	8.0656
5	11	8.1018
5	12	8.1445
5	13	8.1984
5	14	8.2242
5	15	8.2653
5	16	8.2779
5	17	8.293
5	18	8.3242
5	19	8.3487
5	20	8.3662
5	21	8.3733
5	22	8.3839
5	23	8.3867
5	24	8.4023
5	25	8.4115
5	26	8.4188
5	27	8.4305
5	28	8.4502
5	29	8.461
5	30	8.469
5	31	8.4986
5	32	8.5066
5	33	8.5284
5	34	8.5573
5	35	8.5589
5	36	8.5624
5	37	8.5654
5	38	8.5676
5	39	8.5691
5	40	8.5699
5	41	8.5699
5	42	8.5708
5	43	8.5708
5	44	8.5716
5	45	8.5723
5	46	8.5731
5	47	8.5731
5	48	8.5756
5	49	8.5778
5	50	8.5778
5	51	8.5778
5	52	8.5778
5	53	8.5789
5	54	8.5789
5	55	8.5789
5	56	8.5789
5	57	8.5802
5	58	8.5802
5	59	8.5812
6	0	8.5812
6	1	8.5812
6	2	8.5812
6	3	8.5812
6	4	8.5812
6	5	8.5812
6	6	8.5812
6	7	8.5812
6	8	8.5812
6	9	8.5812
6	10	8.5812
6	11	8.5812
6	12	8.5812
6	13	8.5812
6	14	8.5812
6	15	8.5812
6	16	8.5812
6	17	8.5812
6	18	8.5812
6	19	8.5812
6	20	8.5812
6	21	8.5812
6	22	8.5812
6	23	8.5812
6	24	8.5812
6	25	8.5823
6	26	8.5823
6	27	8.5823
6	28	8.5823
6	29	8.5823
6	30	8.5823
6	31	8.5823
6	32	8.5823
6	33	8.5832
6	34	8.5867
6	35	8.5867
6	36	8.5867
6	37	8.5935
6	38	8.5944
6	39	8.5953
6	40	8.5963
6	41	8.5963
6	42	8.5963
6	43	8.5963
6	44	8.5963
6	45	8.5969
6	46	8.5969
6	47	8.5969
6	48	8.5969
6	49	8.5969
6	50	8.5969
6	51	8.5969
6	52	8.5969
6	53	8.5969
6	54	8.5969
6	55	8.5969
6	56	8.5969
6	57	8.5969
6	58	8.5969
6	59	8.5969
7	0	8.5969
7	1	8.5969
7	2	8.5969
7	3	8.5969
7	4	8.5969
7	5	8.5969
7	6	8.5969
7	7	8.5969
7	8	8.5969
7	9	8.5969
7	10	8.5969
7	11	8.5969
7	12	8.5969
7	13	8.5969
7	14	8.5969
7	15	8.5969
7	16	8.5969
7	17	8.5969
7	18	8.5969
7	19	8.5969
7	20	8.5969
7	21	8.5969
7	22	8.5969
7	23	8.5969
7	24	8.5969
7	25	8.5969
7	26	8.5969
7	27	8.5969
7	28	8.5969
7	29	8.5969
7	30	8.5969
7	31	8.5969
7	32	8.5969
7	33	8.5969
7	34	8.5969
7	35	8.5969
7	36	8.5969
7	37	8.5969
7	38	8.5969
7	39	8.5969
7	40	8.5969
7	41	8.5969
7	42	8.5969
7	43	8.5969
7	44	8.5969
7	45	8.5969
7	46	8.5969
7	47	8.5969
7	48	8.5969
7	49	8.5969
7	50	8.5969
7	51	8.5969
7	52	8.5969
7	53	8.5969
7	54	8.5969
7	55	8.5969
7	56	8.5969
7	57	8.5969
7	58	8.5969
7	59	8.5969
8	0	8.5969
8	1	8.5969
8	2	8.5969
8	3	8.5969
8	4	8.5969
8	5	8.5969
8	6	8.5969
8	7	8.5969
8	8	8.5969
8	9	8.5969
8	10	8.5969
8	11	8.5969
8	12	8.5969
8	13	8.5969
8	14	8.5969
8	15	8.5969
8	16	8.5969
8	17	8.5969
8	18	8.5969
8	19	8.5969
8	20	8.5969
8	21	8.5969
8	22	8.5969
8	23	8.5969
8	24	8.5969
8	25	8.5969
8	26	8.5969
8	27	8.5969
8	28	8.5969
8	29	8.5969
8	30	8.5969
8	31	8.5969
8	32	8.5969
8	33	8.5969
8	34	8.5969
8	35	8.5969
8	36	8.5969
8	37	8.5969
8	38	8.5969
8	39	8.5969
8	40	8.5969
8	41	8.5969
8	42	8.5969
8	43	8.5969
8	44	8.5969
8	45	8.5969
8	46	8.5969
8	47	8.5969
8	48	8.5969
8	49	8.5969
8	50	8.5969
8	51	8.5969
8	52	8.5969
8	53	8.5969
8	54	8.5969
8	55	8.5969
8	56	8.5969
8	57	8.5969
8	58	8.5969
8	59	8.5969
9	0	8.5969
9	1	8.5969
9	2	8.5969
9	3	8.5969
9	4	8.5969
9	5	8.5969
9	6	8.5969
9	7	8.5969
9	8	8.5969
9	9	8.5969
9	10	8.5969
9	11	8.5969
9	12	8.5969
9	13	8.5969
9	14	8.5969
9	15	8.5969
9	16	8.5969
9	17	8.5969
9	18	8.5969
9	19	8.5969
9	20	8.5969
9	21	8.5969
9	22	8.5969
9	23	8.5969
9	24	8.5969
9	25	8.5969
9	26	8.5969
9	27	8.5969
9	28	8.5969
9	29	8.5969
9	30	8.5969
9	31	8.5969
9	32	8.5969
9	33	8.5969
9	34	8.5969
9	35	8.5969
9	36	8.5969
9	37	8.5969
9	38	8.5969
9	39	8.5969
9	40	8.5969
9	41	8.5969
9	42	8.5969
9	43	8.5969
9	44	8.5969
9	45	8.5969
9	46	8.5969
9	47	8.5969
9	48	8.5969
9	49	8.5969
9	50	8.5969
9	51	8.5969
9	52	8.5969
9	53	8.5969
9	54	8.5969
9	55	8.5969
9	56	8.5969
9	57	8.5969
9	58	8.5969
9	59	8.5969
10	0	8.5969
10	1	8.5969
10	2	8.5969
10	3	8.5969
10	4	8.5969
10	5	8.5969
10	6	8.5969
10	7	8.5969
10	8	8.5969
10	9	8.5969
10	10	8.5969
10	11	8.5969
10	12	8.5969
10	13	8.5969
10	14	8.5969
10	15	8.5969
10	16	8.5969
10	17	8.5969
10	18	8.5969
10	19	8.5969
10	20	8.5969
10	21	8.5969
10	22	8.5969
10	23	8.5969
10	24	8.5969
10	25	8.5969
10	26	8.5969
10	27	8.5969
10	28	8.5969
10	29	8.5969
10	30	8.5969
10	31	8.5969
10	32	8.5969
10	33	8.5969
10	34	8.5969
10	35	8.5969
10	36	8.5969
10	37	8.5969
10	38	8.5969
10	39	8.5969
10	40	8.5969
10	41	8.5969
10	42	8.5969
10	43	8.5969
10	44	8.5969
10	45	8.5969
10	46	8.5969
10	47	8.5969
10	48	8.5969
10	49	8.5969
10	50	8.5969
10	51	8.5969
10	52	8.5969
10	53	8.5969
10	54	8.5969
10	55	8.5969
10	56	8.5969
10	57	8.5969
10	58	8.5969
10	59	8.5969
11	0	8.5969
11	1	8.5969
11	2	8.5969
11	3	8.5969
11	4	8.5969
11	5	8.5969
11	6	8.5969
11	7	8.5969
11	8	8.5969
11	9	8.5969
11	10	8.5969
11	11	8.5969
11	12	8.5969
11	13	8.5969
11	14	8.5969
11	15	8.5969
11	16	8.5969
11	17	8.5969
11	18	8.5969
11	19	8.5969
11	20	8.5969
11	21	8.5969
11	22	8.5969
11	23	8.5969
11	24	8.5969
11	25	8.5969
11	26	8.5969
11	27	8.5969
11	28	8.5969
11	29	8.5969
11	30	8.5969
11	31	8.5969
11	32	8.5969
11	33	8.5969
11	34	8.5969
11	35	8.5969
11	36	8.5969
11	37	8.5969
11	38	8.5969
11	39	8.5969
11	40	8.5969
11	41	8.5969
11	42	8.5969
11	43	8.5969
11	44	8.5969
11	45	8.5969
11	46	8.5969
11	47	8.5969
11	48	8.5969
11	49	8.5969
11	50	8.5969
11	51	8.5969
11	52	8.5969
11	53	8.5969
11	54	8.5969
11	55	8.5969
11	56	8.5969
11	57	8.5969
11	58	8.5969
11	59	8.5969
12	0	8.5969
12	1	8.5969
12	2	8.5969
12	3	8.5969
12	4	8.5969
12	5	8.5969
12	6	8.5969
12	7	8.5969
12	8	8.5969
12	9	8.5969
12	10	8.5969
12	11	8.5969
12	12	8.5969
12	13	8.5969
12	14	8.5969
12	15	8.5969
12	16	8.5969
12	17	8.5969
12	18	8.5969
12	19	8.5969
12	20	8.5969
12	21	8.5969
12	22	8.5969
12	23	8.5969
12	24	8.5969
12	25	8.5969
12	26	8.5969
12	27	8.5969
12	28	8.5969
12	29	8.5969
12	30	8.5969
12	31	8.5969
12	32	8.5969
12	33	8.5969
12	34	8.5969
12	35	8.5969
12	36	8.5969
12	37	8.5969
12	38	8.5969
12	39	8.5969
12	40	8.5969
12	41	8.5969
12	42	8.5969
12	43	8.5969
12	44	8.5969
12	45	8.5969
12	46	8.5969
12	47	8.5969
12	48	8.5969
12	49	8.5969
12	50	8.5969
12	51	8.5969
12	52	8.5969
12	53	8.5969
12	54	8.5969
12	55	8.5969
12	56	8.5969
12	57	8.5969
12	58	8.5969
12	59	8.5969
13	0	8.5969
13	1	8.5969
13	2	8.5969
13	3	8.5969
13	4	8.5969
13	5	8.5969
13	6	8.5969
13	7	8.5969
13	8	8.5969
13	9	8.5969
13	10	8.5969
13	11	8.5969
13	12	8.5969
13	13	8.5969
13	14	8.5969
13	15	8.5969
13	16	8.5969
13	17	8.5969
13	18	8.5969
13	19	8.5969
13	20	8.5969
13	21	8.5969
13	22	8.5969
13	23	8.5969
13	24	8.5969
13	25	8.5969
13	26	8.5969
13	27	8.5969
13	28	8.5969
13	29	8.5969
13	30	8.5969
13	31	8.5969
13	32	8.5969
13	33	8.5969
13	34	8.5969
13	35	8.5969
13	36	8.5969
13	37	8.5969
13	38	8.5969
13	39	8.5969
13	40	8.5969
13	41	8.5969
13	42	8.5969
13	43	8.5969
13	44	8.5969
13	45	8.5969
13	46	8.5969
13	47	8.5969
13	48	8.5969
13	49	8.5969
13	50	8.5969
13	51	8.5969
13	52	8.5969
13	53	8.5969
13	54	8.5969
13	55	8.5969
13	56	8.5969
13	57	8.5969
13	58	8.5969
13	59	8.5969
14	0	8.5969
14	1	8.5969
14	2	8.5969
14	3	8.5969
14	4	8.5969
14	5	8.5969
14	6	8.5969
14	7	8.5969
14	8	8.5969
14	9	8.5969
14	10	8.5969
14	11	8.5969
14	12	8.5969
14	13	8.5969
14	14	8.5969
14	15	8.5969
14	16	8.5969
14	17	8.5969
14	18	8.5969
14	19	8.5969
14	20	8.5969
14	21	8.5969
14	22	8.5969
14	23	8.5969
14	24	8.5969
14	25	8.5969
14	26	8.5969
14	27	8.5969
14	28	8.5969
14	29	8.5969
14	30	8.5969
14	31	8.5969
14	32	8.5969
14	33	8.5969
14	34	8.5969
14	35	8.5969
14	36	8.5969
14	37	8.5969
14	38	8.5969
14	39	8.5969
14	40	8.5969
14	41	8.5969
14	42	8.5969
14	43	8.5969
14	44	8.5969
14	45	8.5969
14	46	8.5969
14	47	8.5969
14	48	8.5969
14	49	8.5969
14	50	8.5969
14	51	8.5969
14	52	8.5969
14	53	8.5969
14	54	8.5969
14	55	8.5969
14	56	8.5969
14	57	8.5969
14	58	8.5969
14	59	8.5969
15	0	8.5969
15	1	8.5969
15	2	8.5969
15	3	8.5969
15	4	8.5969
15	5	8.5969
15	6	8.5969
15	7	8.5969
15	8	8.5969
15	9	8.5969
15	10	8.5969
15	11	8.5969
15	12	8.5969
15	13	8.5969
15	14	8.5969
15	15	8.5969
15	16	8.5969
15	17	8.5969
15	18	8.5969
15	19	8.5969
15	20	8.5969
15	21	8.5969
15	22	8.5969
15	23	8.5969
15	24	8.5969
15	25	8.5969
15	26	8.5969
15	27	8.5969
15	28	8.5969
15	29	8.5969
15	30	8.5969
15	31	8.5969
15	32	8.5969
15	33	8.5969
15	34	8.5969
15	35	8.5969
15	36	8.5969
15	37	8.5969
15	38	8.5969
15	39	8.5969
15	40	8.5969
15	41	8.5969
15	42	8.5969
15	43	8.5969
15	44	8.5969
15	45	8.5969
15	46	8.5969
15	47	8.5969
15	48	8.5969
15	49	8.5969
15	50	8.5969
15	51	8.5969
15	52	8.5969
15	53	8.5969
15	54	8.5969
15	55	8.5969
15	56	8.5969
15	57	8.5969
15	58	8.5969
15	59	8.5969
16	0	8.5969
16	1	8.5969
16	2	8.5969
16	3	8.5969
16	4	8.5969
16	5	8.5969
16	6	8.5969
16	7	8.5969
16	8	8.5969
16	9	8.5969
16	10	8.5969
16	11	8.5969
16	12	8.5969
16	13	8.5969
16	14	8.5969
16	15	8.5969
16	16	8.5969
16	17	8.5969
16	18	8.5969
16	19	8.5969
16	20	8.5969
16	21	8.5969
16	22	8.5969
16	23	8.5969
16	24	8.5969
16	25	8.5969
16	26	8.5969
16	27	8.5969
16	28	8.5969
16	29	8.5969
16	30	8.5969
16	31	8.5969
16	32	8.5969
16	33	8.5969
16	34	8.5969
16	35	8.5969
16	36	8.5969
16	37	8.5969
16	38	8.5969
16	39	8.5969
16	40	8.5969
16	41	8.5969
16	42	8.5969
16	43	8.5969
16	44	8.5969
16	45	8.5969
16	46	8.5969
16	47	8.5969
16	48	8.5969
16	49	8.5969
16	50	8.5969
16	51	8.5969
16	52	8.5969
16	53	8.5969
16	54	8.5969
16	55	8.5969
16	56	8.5969
16	57	8.5969
16	58	8.5969
16	59	8.5969
17	0	8.5969
17	1	8.5969
17	2	8.5969
17	3	8.5969
17	4	8.5969
17	5	8.5969
17	6	8.5969
17	7	8.5969
17	8	8.5969
17	9	8.5969
17	10	8.5969
17	11	8.5969
17	12	8.5969
17	13	8.5969
17	14	8.5969
17	15	8.5969
17	16	8.5969
17	17	8.5969
17	18	8.5969
17	19	8.5969
17	20	8.5969
17	21	8.5969
17	22	8.5969
17	23	8.5969
17	24	8.5969
17	25	8.5969
17	26	8.5969
17	27	8.5969
17	28	8.5969
17	29	8.5969
17	30	8.5969
17	31	8.5969
17	32	8.5969
17	33	8.5969
17	34	8.5969
17	35	8.5969
17	36	8.5969
17	37	8.5969
17	38	8.5969
17	39	8.5969
17	40	8.5969
17	41	8.5969
17	42	8.5969
17	43	8.5969
17	44	8.5969
17	45	8.5969
17	46	8.5969
17	47	8.5969
17	48	8.5969
17	49	8.5969
17	50	8.5969
17	51	8.5969
17	52	8.5969
17	53	8.5969
17	54	8.5969
17	55	8.5969
17	56	8.5969
17	57	8.5969
17	58	8.5969
17	59	8.5969
18	0	8.5969
18	1	8.5969
18	2	8.5969
18	3	8.5969
18	4	8.5969
18	5	8.5969
18	6	8.5969
18	7	8.5969
18	8	8.5969
18	9	8.5969
18	10	8.5969
18	11	8.5969
18	12	8.5969
18	13	8.5969
18	14	8.5969
18	15	8.5969
18	16	8.5969
18	17	8.5969
18	18	8.5969
18	19	8.5969
18	20	8.5969
18	21	8.5969
18	22	8.5969
18	23	8.5969
18	24	8.5969
18	25	8.5969
18	26	8.5969
18	27	8.5969
18	28	8.5969
18	29	8.5969
18	30	8.5969
18	31	8.5969
18	32	8.5969
18	33	8.5969
18	34	8.5969
18	35	8.5969
18	36	8.5969
18	37	8.5969
18	38	8.5969
18	39	8.5969
18	40	8.5969
18	41	8.5969
18	42	8.5969
18	43	8.5969
18	44	8.5969
18	45	8.5969
18	46	8.5969
18	47	8.5969
18	48	8.5969
18	49	8.5969
18	50	8.5969
18	51	8.5969
18	52	8.5969
18	53	8.5969
18	54	8.5969
18	55	8.5969
18	56	8.5969
18	57	8.5969
18	58	8.5969
18	59	8.5969
19	0	8.5969
19	1	8.5969
19	2	8.5969
19	3	8.5969
19	4	8.5969
19	5	8.5969
19	6	8.5969
19	7	8.5969
19	8	8.5969
19	9	8.5969
19	10	8.5969
19	11	8.5969
19	12	8.5969
19	13	8.5969
19	14	8.5969
19	15	8.5969
19	16	8.5969
19	17	8.5969
19	18	8.5969
19	19	8.5969
19	20	8.5969
19	21	8.5969
19	22	8.5969
19	23	8.5969
19	24	8.5969
19	25	8.5969
19	26	8.5969
19	27	8.5969
19	28	8.5969
19	29	8.5969
19	30	8.5969
19	31	8.5969
19	32	8.5969
19	33	8.5969
19	34	8.5969
19	35	8.5969
19	36	8.5969
19	37	8.5969
19	38	8.5969
19	39	8.5969
19	40	8.5969
19	41	8.5969
19	42	8.5969
19	43	8.5969
19	44	8.5969
19	45	8.5969
19	46	8.5969
19	47	8.5969
19	48	8.5969
19	49	8.5969
19	50	8.5969
19	51	8.5969
19	52	8.5969
19	53	8.5969
19	54	8.5969
19	55	8.5969
19	56	8.5969
19	57	8.5969
19	58	8.5969
19	59	8.5969
20	0	8.5969
20	1	8.5969
20	2	8.5969
20	3	8.5969
20	4	8.5969
20	5	8.5969
20	6	8.5969
20	7	8.5969
20	8	8.5969
20	9	8.5969
20	10	8.5969
20	11	8.5969
20	12	8.5969
20	13	8.5969
20	14	8.5969
20	15	8.5969
20	16	8.5969
20	17	8.5969
20	18	8.5969
20	19	8.5969
20	20	8.5969
20	21	8.5969
20	22	8.5969
20	23	8.5969
20	24	8.5969
20	25	8.5969
20	26	8.5969
20	27	8.5969
20	28	8.5969
20	29	8.5969
20	30	8.5969
20	31	8.5969
20	32	8.5969
20	33	8.5969
20	34	8.5969
20	35	8.5969
20	36	8.5969
20	37	8.5969
20	38	8.5969
20	39	8.5969
20	40	8.5969
20	41	8.5969
20	42	8.5969
20	43	8.5969
20	44	8.5969
20	45	8.5969
20	46	8.5969
20	47	8.5969
20	48	8.5969
20	49	8.5969
20	50	8.5969
20	51	8.5969
20	52	8.5969
20	53	8.5969
20	54	8.5969
20	55	8.5969
20	56	8.5969
20	57	8.5969
20	58	8.5969
20	59	8.5969
21	0	8.5969
21	1	8.5969
21	2	8.5969
21	3	8.5969
21	4	8.5969
21	5	8.5969
21	6	8.5969
21	7	8.5969
21	8	8.5969
21	9	8.5969
21	10	8.5969
21	11	8.5969
21	12	8.5969
21	13	8.5969
21	14	8.5969
21	15	8.5969
21	16	8.5969
21	17	8.5969
21	18	8.5969
21	19	8.5969
21	20	8.5969
21	21	8.5969
21	22	8.5969
21	23	8.5969
21	24	8.5969
21	25	8.5969
21	26	8.5969
21	27	8.5969
21	28	8.5969
21	29	8.5969
21	30	8.5969
21	31	8.5969
21	32	8.5969
21	33	8.5969
21	34	8.5969
21	35	8.5969
21	36	8.5969
21	37	8.5969
21	38	8.5969
21	39	8.5969
21	40	8.5969
21	41	8.5969
21	42	8.5969
21	43	8.5969
21	44	8.5969
21	45	8.5969
21	46	8.5969
21	47	8.5969
21	48	8.5969
21	49	8.5969
21	50	8.5969
21	51	8.5969
21	52	8.5969
21	53	8.5969
21	54	8.5969
21	55	8.5969
21	56	8.5969
21	57	8.5969
21	58	8.5969
21	59	8.5969
22	0	8.5969
22	1	8.5969
22	2	8.5969
22	3	8.5969
22	4	8.5969
22	5	8.5969
22	6	8.5969
22	7	8.5969
22	8	8.5969
22	9	8.5969
22	10	8.5969
22	11	8.5969
22	12	8.5969
22	13	8.5969
22	14	8.5969
22	15	8.5969
22	16	8.5969
22	17	8.5969
22	18	8.5969
22	19	8.5969
22	20	8.5969
22	21	8.5969
22	22	8.5969
22	23	8.5969
22	24	8.5969
22	25	8.5969
22	26	8.5969
22	27	8.5969
22	28	8.5969
22	29	8.5969
22	30	8.5969
22	31	8.5969
22	32	8.5969
22	33	8.5969
22	34	8.5969
22	35	8.5969
22	36	8.5969
22	37	8.5969
22	38	8.5969
22	39	8.5969
22	40	8.5969
22	41	8.5969
22	42	8.5969
22	43	8.5969
22	44	8.5969
22	45	8.5969
22	46	8.5969
22	47	8.5969
22	48	8.5969
22	49	8.5969
22	50	8.5969
22	51	8.5969
22	52	8.5969
22	53	8.5969
22	54	8.5969
22	55	8.5969
22	56	8.5969
22	57	8.5969
22	58	8.5969
22	59	8.5969
23	0	8.5969
23	1	8.5969
23	2	8.5969
23	3	8.5969
23	4	8.5969
23	5	8.5969
23	6	8.5969
23	7	8.5969
23	8	8.5969
23	9	8.5969
23	10	8.5969
23	11	8.5969
23	12	8.5969
23	13	8.5969
23	14	8.5969
23	15	8.5969
23	16	8.5969
23	17	8.5969
23	18	8.5969
23	19	8.5969
23	20	8.5969
23	21	8.5969
23	22	8.5969
23	23	8.5969
23	24	8.5969
23	25	8.5969
23	26	8.5969
23	27	8.5969
23	28	8.5969
23	29	8.5969
23	30	8.5969
23	31	8.5969
23	32	8.5969
23	33	8.5969
23	34	8.5969
23	35	8.5969
23	36	8.5969
23	37	8.5969
23	38	8.5969
23	39	8.5969
23	40	8.5969
23	41	8.5969
23	42	8.5969
23	43	8.5969
23	44	8.5969
23	45	8.5969
23	46	8.5969
23	47	8.5969
23	48	8.5969
23	49	8.5969
23	50	8.5969
23	51	8.5969
23	52	8.5969
23	53	8.5969
23	54	8.5969
23	55	8.5969
23	56	8.5969
23	57	8.5969
23	58	8.5969
23	59	8.5969
