28 03 2014 00 02 48 0.08 
28 03 2014 00 02 53 0.08 
28 03 2014 00 03 09 0.21 
28 03 2014 00 03 37 0.05 
28 03 2014 00 04 03 0.07 
28 03 2014 00 04 04 0.22 
28 03 2014 00 04 08 0.05 
28 03 2014 00 04 14 0.08 
28 03 2014 00 04 17 0.06 
28 03 2014 00 05 01 0.14 
28 03 2014 00 05 16 0.13 
28 03 2014 00 07 03 0.30 
28 03 2014 00 07 10 0.10 
28 03 2014 00 07 23 0.25 
28 03 2014 00 07 30 0.08 
28 03 2014 00 07 43 0.00 
28 03 2014 00 07 53 0.12 
28 03 2014 00 07 58 0.09 
28 03 2014 00 07 58 0.17 
28 03 2014 00 08 07 0.18 
28 03 2014 00 08 22 0.21 
28 03 2014 00 08 25 0.08 
28 03 2014 00 08 30 0.08 
28 03 2014 00 08 31 0.21 
28 03 2014 00 08 32 0.08 
28 03 2014 00 08 40 0.37 
28 03 2014 00 09 08 0.21 
28 03 2014 00 09 19 0.14 
28 03 2014 00 09 21 0.13 
28 03 2014 00 09 43 0.06 
28 03 2014 00 10 30 0.10 
28 03 2014 00 10 34 0.07 
28 03 2014 00 10 48 0.17 
28 03 2014 00 10 57 0.05 
28 03 2014 00 11 32 0.05 
28 03 2014 00 50 29 0.27 
28 03 2014 00 50 33 1.30 
28 03 2014 00 50 37 0.16 
28 03 2014 00 50 38 0.07 
28 03 2014 00 50 44 1.68 
28 03 2014 00 50 44 0.28 
28 03 2014 00 50 45 1.75 
28 03 2014 00 50 45 0.10 
28 03 2014 00 50 48 2.68 
28 03 2014 00 50 57 0.15 
28 03 2014 00 51 01 0.27 
28 03 2014 00 51 04 1.04 
28 03 2014 00 51 09 1.01 
28 03 2014 00 51 11 0.09 
28 03 2014 00 51 12 0.62 
28 03 2014 00 51 14 0.95 
28 03 2014 00 51 14 0.35 
28 03 2014 00 51 16 0.32 
28 03 2014 00 51 16 0.25 
28 03 2014 00 51 17 0.09 
28 03 2014 00 51 18 0.08 
28 03 2014 00 51 20 0.27 
28 03 2014 00 51 22 0.12 
28 03 2014 00 51 35 0.08 
28 03 2014 00 51 37 0.08 
28 03 2014 00 51 39 0.00 
28 03 2014 00 52 38 0.63 
28 03 2014 00 53 10 0.00 
28 03 2014 00 53 18 0.14 
28 03 2014 00 53 19 1.01 
28 03 2014 00 53 27 0.57 
28 03 2014 00 53 33 0.10 
28 03 2014 00 53 35 1.72 
28 03 2014 00 53 37 0.16 
28 03 2014 00 53 38 0.51 
28 03 2014 00 53 39 0.08 
28 03 2014 00 53 39 0.05 
28 03 2014 00 53 40 0.44 
28 03 2014 00 53 41 0.39 
28 03 2014 00 53 43 0.10 
28 03 2014 00 53 43 0.14 
28 03 2014 00 53 47 0.13 
28 03 2014 00 53 47 3.30 
28 03 2014 00 53 48 1.01 
28 03 2014 00 53 49 0.26 
28 03 2014 00 53 49 0.11 
28 03 2014 00 53 50 0.33 
28 03 2014 00 53 55 0.43 
28 03 2014 00 53 55 1.44 
28 03 2014 00 53 56 0.66 
28 03 2014 00 53 59 1.10 
28 03 2014 00 54 02 0.08 
28 03 2014 00 54 03 0.71 
28 03 2014 00 54 05 0.11 
28 03 2014 00 54 06 0.00 
28 03 2014 00 54 07 0.07 
28 03 2014 00 54 08 0.05 
28 03 2014 00 54 10 0.99 
28 03 2014 00 54 11 0.00 
28 03 2014 00 54 14 0.16 
28 03 2014 00 54 15 0.72 
28 03 2014 00 54 16 0.22 
28 03 2014 00 54 17 0.26 
28 03 2014 00 54 18 0.13 
28 03 2014 00 54 19 1.27 
28 03 2014 00 54 20 0.45 
28 03 2014 00 54 20 1.44 
28 03 2014 00 54 21 0.25 
28 03 2014 00 54 21 1.67 
28 03 2014 00 54 23 0.00 
28 03 2014 00 54 24 1.97 
28 03 2014 00 54 25 0.83 
28 03 2014 00 54 26 0.59 
28 03 2014 00 54 27 0.08 
28 03 2014 00 54 27 1.27 
28 03 2014 00 54 29 0.07 
28 03 2014 00 54 29 0.52 
28 03 2014 00 54 30 1.31 
28 03 2014 00 54 31 0.49 
28 03 2014 00 54 32 0.22 
28 03 2014 00 54 32 0.80 
28 03 2014 00 54 33 1.32 
28 03 2014 00 54 34 0.32 
28 03 2014 00 54 35 0.73 
28 03 2014 00 54 35 0.80 
28 03 2014 00 54 36 0.21 
28 03 2014 00 54 36 0.92 
28 03 2014 00 54 37 0.00 
28 03 2014 00 54 37 1.03 
28 03 2014 00 54 37 1.03 
28 03 2014 00 54 37 0.21 
28 03 2014 00 54 38 1.39 
28 03 2014 00 54 38 0.09 
28 03 2014 00 54 38 0.06 
28 03 2014 00 54 39 0.24 
28 03 2014 00 54 40 0.07 
28 03 2014 00 54 40 0.08 
28 03 2014 00 54 41 0.84 
28 03 2014 00 54 42 0.89 
28 03 2014 00 54 42 2.28 
28 03 2014 00 54 42 0.06 
28 03 2014 00 54 42 0.67 
28 03 2014 00 54 43 0.07 
28 03 2014 00 54 43 0.10 
28 03 2014 00 54 43 0.12 
28 03 2014 00 54 43 0.21 
28 03 2014 00 54 44 0.39 
28 03 2014 00 54 44 0.21 
28 03 2014 00 54 44 0.39 
28 03 2014 00 54 44 0.76 
28 03 2014 00 54 45 0.08 
28 03 2014 00 54 45 0.86 
28 03 2014 00 54 45 0.14 
28 03 2014 00 54 45 0.34 
28 03 2014 00 54 45 0.47 
28 03 2014 00 54 46 1.76 
28 03 2014 00 54 46 0.07 
28 03 2014 00 54 47 1.39 
28 03 2014 00 54 47 0.22 
28 03 2014 00 54 47 0.70 
28 03 2014 00 54 47 0.43 
28 03 2014 00 54 47 0.18 
28 03 2014 00 54 48 0.09 
28 03 2014 00 54 48 0.15 
28 03 2014 00 54 48 0.97 
28 03 2014 00 54 48 0.17 
28 03 2014 00 54 49 0.12 
28 03 2014 00 54 49 0.38 
28 03 2014 00 54 49 0.59 
28 03 2014 00 54 49 1.42 
28 03 2014 00 54 49 0.16 
28 03 2014 00 54 49 0.38 
28 03 2014 00 54 50 1.07 
28 03 2014 00 54 50 0.15 
28 03 2014 00 54 50 0.21 
28 03 2014 00 54 50 0.52 
28 03 2014 00 54 50 0.26 
28 03 2014 00 54 51 1.19 
28 03 2014 00 54 51 0.15 
28 03 2014 00 54 51 0.05 
28 03 2014 00 54 51 0.16 
28 03 2014 00 54 52 0.43 
28 03 2014 00 54 52 0.19 
28 03 2014 00 54 52 0.05 
28 03 2014 00 54 52 2.04 
28 03 2014 00 54 52 0.55 
28 03 2014 00 54 53 0.62 
28 03 2014 00 54 53 0.08 
28 03 2014 00 54 53 0.11 
28 03 2014 00 54 53 0.15 
28 03 2014 00 54 54 0.00 
28 03 2014 00 54 54 0.12 
28 03 2014 00 54 54 0.22 
28 03 2014 00 54 55 0.14 
28 03 2014 00 54 55 0.73 
28 03 2014 00 54 55 0.30 
28 03 2014 00 54 56 0.06 
28 03 2014 00 54 56 1.08 
28 03 2014 00 54 56 0.51 
28 03 2014 00 54 56 0.17 
28 03 2014 00 54 56 0.16 
28 03 2014 00 54 57 0.46 
28 03 2014 00 54 57 0.27 
28 03 2014 00 54 57 0.15 
28 03 2014 00 54 57 0.25 
28 03 2014 00 54 58 0.28 
28 03 2014 00 54 58 0.10 
28 03 2014 00 54 58 0.21 
28 03 2014 00 54 58 0.14 
28 03 2014 00 54 58 0.47 
28 03 2014 00 54 58 0.18 
28 03 2014 00 54 59 0.19 
28 03 2014 00 54 59 0.23 
28 03 2014 00 55 00 0.34 
28 03 2014 00 55 01 0.17 
28 03 2014 00 55 01 0.35 
28 03 2014 00 55 01 0.32 
28 03 2014 00 55 01 0.11 
28 03 2014 00 55 01 0.06 
28 03 2014 00 55 01 0.14 
28 03 2014 00 55 01 0.91 
28 03 2014 00 55 01 0.59 
28 03 2014 00 55 01 0.34 
28 03 2014 00 55 02 0.10 
28 03 2014 00 55 03 0.00 
28 03 2014 00 55 03 0.13 
28 03 2014 00 55 04 0.28 
28 03 2014 00 55 04 0.10 
28 03 2014 00 55 04 0.34 
28 03 2014 00 55 05 0.62 
28 03 2014 00 55 06 0.10 
28 03 2014 00 55 06 0.06 
28 03 2014 00 55 07 0.06 
28 03 2014 00 55 09 0.23 
28 03 2014 00 55 09 0.21 
28 03 2014 00 55 09 0.08 
28 03 2014 00 55 09 0.05 
28 03 2014 00 55 09 0.29 
28 03 2014 00 55 10 0.13 
28 03 2014 00 55 10 0.18 
28 03 2014 00 55 10 0.00 
28 03 2014 00 55 10 0.22 
28 03 2014 00 55 10 0.10 
28 03 2014 00 55 10 0.00 
28 03 2014 00 55 11 0.20 
28 03 2014 00 55 11 0.43 
28 03 2014 00 55 11 0.08 
28 03 2014 00 55 11 0.00 
28 03 2014 00 55 12 0.05 
28 03 2014 00 55 12 1.06 
28 03 2014 00 55 12 0.43 
28 03 2014 00 55 13 0.10 
28 03 2014 00 55 13 0.06 
28 03 2014 00 55 14 0.27 
28 03 2014 00 55 14 0.05 
28 03 2014 00 55 14 0.05 
28 03 2014 00 55 14 0.26 
28 03 2014 00 55 15 0.11 
28 03 2014 00 55 16 0.06 
28 03 2014 00 55 16 0.43 
28 03 2014 00 55 16 0.15 
28 03 2014 00 55 16 0.09 
28 03 2014 00 55 17 0.06 
28 03 2014 00 55 17 0.14 
28 03 2014 00 55 17 0.24 
28 03 2014 00 55 18 0.11 
28 03 2014 00 55 18 0.25 
28 03 2014 00 55 18 0.11 
28 03 2014 00 55 18 0.61 
28 03 2014 00 55 18 0.29 
28 03 2014 00 55 19 0.06 
28 03 2014 00 55 19 0.08 
28 03 2014 00 55 19 0.14 
28 03 2014 00 55 19 0.07 
28 03 2014 00 55 20 0.13 
28 03 2014 00 55 20 0.00 
28 03 2014 00 55 20 0.00 
28 03 2014 00 55 21 0.19 
28 03 2014 00 55 21 0.06 
28 03 2014 00 55 21 0.14 
28 03 2014 00 55 22 0.15 
28 03 2014 00 55 22 0.05 
28 03 2014 00 55 22 0.21 
28 03 2014 00 55 22 0.20 
28 03 2014 00 55 23 0.35 
28 03 2014 00 55 23 0.11 
28 03 2014 00 55 23 0.39 
28 03 2014 00 55 23 0.10 
28 03 2014 00 55 24 0.05 
28 03 2014 00 55 25 0.07 
28 03 2014 00 55 25 0.30 
28 03 2014 00 55 25 0.28 
28 03 2014 00 55 25 0.07 
28 03 2014 00 55 25 0.16 
28 03 2014 00 55 26 0.06 
28 03 2014 00 55 26 0.33 
28 03 2014 00 55 27 0.20 
28 03 2014 00 55 27 0.19 
28 03 2014 00 55 28 0.14 
28 03 2014 00 55 28 0.06 
28 03 2014 00 55 29 0.18 
28 03 2014 00 55 29 0.19 
28 03 2014 00 55 30 0.00 
28 03 2014 00 55 30 0.14 
28 03 2014 00 55 30 0.99 
28 03 2014 00 55 30 0.08 
28 03 2014 00 55 31 0.21 
28 03 2014 00 55 31 0.31 
28 03 2014 00 55 31 0.63 
28 03 2014 00 55 31 0.06 
28 03 2014 00 55 31 0.00 
28 03 2014 00 55 32 0.05 
28 03 2014 00 55 32 0.08 
28 03 2014 00 55 33 0.13 
28 03 2014 00 55 33 0.06 
28 03 2014 00 55 33 0.22 
28 03 2014 00 55 34 0.11 
28 03 2014 00 55 34 0.11 
28 03 2014 00 55 34 0.06 
28 03 2014 00 55 35 0.76 
28 03 2014 00 55 35 0.11 
28 03 2014 00 55 36 0.79 
28 03 2014 00 55 37 0.34 
28 03 2014 00 55 38 0.09 
28 03 2014 00 55 38 0.10 
28 03 2014 00 55 38 0.71 
28 03 2014 00 55 38 0.14 
28 03 2014 00 55 38 0.06 
28 03 2014 00 55 38 0.32 
28 03 2014 00 55 39 0.05 
28 03 2014 00 55 39 0.29 
28 03 2014 00 55 39 0.08 
28 03 2014 00 55 39 0.06 
28 03 2014 00 55 39 0.06 
28 03 2014 00 55 39 0.31 
28 03 2014 00 55 40 0.19 
28 03 2014 00 55 41 0.07 
28 03 2014 00 55 43 0.49 
28 03 2014 00 55 43 0.12 
28 03 2014 00 55 43 0.51 
28 03 2014 00 55 43 0.12 
28 03 2014 00 55 44 0.07 
28 03 2014 00 55 45 0.08 
28 03 2014 00 55 45 0.06 
28 03 2014 00 55 45 0.73 
28 03 2014 00 55 45 0.26 
28 03 2014 00 55 46 0.30 
28 03 2014 00 55 46 0.05 
28 03 2014 00 55 46 0.22 
28 03 2014 00 55 46 0.78 
28 03 2014 00 55 47 0.07 
28 03 2014 00 55 47 0.83 
28 03 2014 00 55 47 0.25 
28 03 2014 00 55 47 2.07 
28 03 2014 00 55 48 0.29 
28 03 2014 00 55 48 0.07 
28 03 2014 00 55 48 0.12 
28 03 2014 00 55 48 0.15 
28 03 2014 00 55 48 0.17 
28 03 2014 00 55 48 0.14 
28 03 2014 00 55 49 0.06 
28 03 2014 00 55 50 0.06 
28 03 2014 00 55 50 0.19 
28 03 2014 00 55 50 0.06 
28 03 2014 00 55 50 0.12 
28 03 2014 00 55 51 0.09 
28 03 2014 00 55 51 0.14 
28 03 2014 00 55 51 0.36 
28 03 2014 00 55 51 0.07 
28 03 2014 00 55 51 0.07 
28 03 2014 00 55 51 2.06 
28 03 2014 00 55 52 0.08 
28 03 2014 00 55 52 0.20 
28 03 2014 00 55 52 0.91 
28 03 2014 00 55 52 0.23 
28 03 2014 00 55 52 0.06 
28 03 2014 00 55 53 0.82 
28 03 2014 00 55 53 0.24 
28 03 2014 00 55 53 0.11 
28 03 2014 00 55 54 0.28 
28 03 2014 00 55 54 0.10 
28 03 2014 00 55 54 0.10 
28 03 2014 00 55 55 0.05 
28 03 2014 00 55 55 0.71 
28 03 2014 00 55 56 0.07 
28 03 2014 00 55 56 0.25 
28 03 2014 00 55 56 0.00 
28 03 2014 00 55 57 0.07 
28 03 2014 00 55 57 0.10 
28 03 2014 00 55 57 0.08 
28 03 2014 00 55 57 0.53 
28 03 2014 00 55 58 0.07 
28 03 2014 00 55 58 0.18 
28 03 2014 00 55 58 0.29 
28 03 2014 00 55 58 0.27 
28 03 2014 00 55 58 0.42 
28 03 2014 00 55 58 0.34 
28 03 2014 00 55 59 0.06 
28 03 2014 00 55 59 0.40 
28 03 2014 00 55 59 0.32 
28 03 2014 00 55 59 0.50 
28 03 2014 00 56 00 0.10 
28 03 2014 00 56 00 0.24 
28 03 2014 00 56 00 0.08 
28 03 2014 00 56 00 0.15 
28 03 2014 00 56 00 0.73 
28 03 2014 00 56 01 0.22 
28 03 2014 00 56 01 2.15 
28 03 2014 00 56 01 0.96 
28 03 2014 00 56 01 0.19 
28 03 2014 00 56 02 0.62 
28 03 2014 00 56 02 0.07 
28 03 2014 00 56 02 0.13 
28 03 2014 00 56 03 0.06 
28 03 2014 00 56 04 0.24 
28 03 2014 00 56 04 0.06 
28 03 2014 00 56 05 0.06 
28 03 2014 00 56 05 0.06 
28 03 2014 00 56 05 0.06 
28 03 2014 00 56 05 0.07 
28 03 2014 00 56 06 0.12 
28 03 2014 00 56 06 0.05 
28 03 2014 00 56 06 0.17 
28 03 2014 00 56 07 0.06 
28 03 2014 00 56 07 0.15 
28 03 2014 00 56 08 0.12 
28 03 2014 00 56 08 0.09 
28 03 2014 00 56 09 0.24 
28 03 2014 00 56 09 0.23 
28 03 2014 00 56 10 0.16 
28 03 2014 00 56 10 0.33 
28 03 2014 00 56 10 0.05 
28 03 2014 00 56 11 1.09 
28 03 2014 00 56 11 0.40 
28 03 2014 00 56 11 0.06 
28 03 2014 00 56 11 0.13 
28 03 2014 00 56 11 0.08 
28 03 2014 00 56 12 0.13 
28 03 2014 00 56 12 1.95 
28 03 2014 00 56 12 0.10 
28 03 2014 00 56 13 1.65 
28 03 2014 00 56 13 0.60 
28 03 2014 00 56 13 0.07 
28 03 2014 00 56 14 0.83 
28 03 2014 00 56 15 0.58 
28 03 2014 00 56 15 0.06 
28 03 2014 00 56 15 0.16 
28 03 2014 00 56 15 0.06 
28 03 2014 00 56 15 0.72 
28 03 2014 00 56 16 0.82 
28 03 2014 00 56 17 0.51 
28 03 2014 00 56 17 0.10 
28 03 2014 00 56 17 0.27 
28 03 2014 00 56 18 0.14 
28 03 2014 00 56 18 0.60 
28 03 2014 00 56 18 0.00 
28 03 2014 00 56 21 0.12 
28 03 2014 00 56 21 0.20 
28 03 2014 00 56 21 0.11 
28 03 2014 00 56 21 0.19 
28 03 2014 00 56 22 0.06 
28 03 2014 00 56 23 2.68 
28 03 2014 00 56 23 0.00 
28 03 2014 00 56 23 0.07 
28 03 2014 00 56 24 0.57 
28 03 2014 00 56 24 0.25 
28 03 2014 00 56 24 0.33 
28 03 2014 00 56 24 0.14 
28 03 2014 00 56 25 0.05 
28 03 2014 00 56 25 0.18 
28 03 2014 00 56 26 0.37 
28 03 2014 00 56 27 0.50 
28 03 2014 00 56 28 0.12 
28 03 2014 00 56 29 0.21 
28 03 2014 00 56 30 0.05 
28 03 2014 00 56 30 0.23 
28 03 2014 00 56 31 0.07 
28 03 2014 00 56 32 0.90 
28 03 2014 00 56 32 0.11 
28 03 2014 00 56 32 0.27 
28 03 2014 00 56 32 0.07 
28 03 2014 00 56 32 1.40 
28 03 2014 00 56 32 0.11 
28 03 2014 00 56 33 0.43 
28 03 2014 00 56 33 0.62 
28 03 2014 00 56 33 0.10 
28 03 2014 00 56 34 0.10 
28 03 2014 00 56 34 0.18 
28 03 2014 00 56 35 0.09 
28 03 2014 00 56 35 0.11 
28 03 2014 00 56 36 0.18 
28 03 2014 00 56 37 0.27 
28 03 2014 00 56 38 0.45 
28 03 2014 00 56 39 0.00 
28 03 2014 00 56 40 0.05 
28 03 2014 00 56 40 0.15 
28 03 2014 00 56 40 0.87 
28 03 2014 00 56 42 1.65 
28 03 2014 00 56 42 0.10 
28 03 2014 00 56 42 0.13 
28 03 2014 00 56 45 0.08 
28 03 2014 00 56 48 0.36 
28 03 2014 00 56 49 0.23 
28 03 2014 00 56 49 0.11 
28 03 2014 00 56 49 0.07 
28 03 2014 00 56 49 0.15 
28 03 2014 00 56 50 0.09 
28 03 2014 00 56 50 0.49 
28 03 2014 00 56 50 0.51 
28 03 2014 00 56 50 0.26 
28 03 2014 00 56 50 0.17 
28 03 2014 00 56 51 0.12 
28 03 2014 00 56 53 0.29 
28 03 2014 00 56 53 0.37 
28 03 2014 00 56 55 0.29 
28 03 2014 00 56 55 0.13 
28 03 2014 00 56 55 0.07 
28 03 2014 00 56 55 0.20 
28 03 2014 00 56 55 0.06 
28 03 2014 00 56 56 0.14 
28 03 2014 00 56 57 0.11 
28 03 2014 00 56 58 0.61 
28 03 2014 00 57 00 0.07 
28 03 2014 00 57 00 0.38 
28 03 2014 00 57 02 0.71 
28 03 2014 00 57 02 0.11 
28 03 2014 00 57 02 0.26 
28 03 2014 00 57 03 0.15 
28 03 2014 00 57 03 0.13 
28 03 2014 00 57 03 0.26 
28 03 2014 00 57 03 0.33 
28 03 2014 00 57 04 0.16 
28 03 2014 00 57 04 0.00 
28 03 2014 00 57 04 0.10 
28 03 2014 00 57 05 0.44 
28 03 2014 00 57 05 0.46 
28 03 2014 00 57 05 0.73 
28 03 2014 00 57 06 0.28 
28 03 2014 00 57 06 0.15 
28 03 2014 00 57 06 0.22 
28 03 2014 00 57 07 0.13 
28 03 2014 00 57 07 0.09 
28 03 2014 00 57 08 0.24 
28 03 2014 00 57 08 0.71 
28 03 2014 00 57 08 0.54 
28 03 2014 00 57 09 0.17 
28 03 2014 00 57 09 0.06 
28 03 2014 00 57 09 1.02 
28 03 2014 00 57 09 0.09 
28 03 2014 00 57 10 0.37 
28 03 2014 00 57 10 0.00 
28 03 2014 00 57 10 0.16 
28 03 2014 00 57 10 0.47 
28 03 2014 00 57 11 0.06 
28 03 2014 00 57 11 0.27 
28 03 2014 00 57 12 0.38 
28 03 2014 00 57 12 0.14 
28 03 2014 00 57 13 0.27 
28 03 2014 00 57 13 0.07 
28 03 2014 00 57 13 0.09 
28 03 2014 00 57 13 0.59 
28 03 2014 00 57 13 0.33 
28 03 2014 00 57 14 0.94 
28 03 2014 00 57 14 0.06 
28 03 2014 00 57 14 0.43 
28 03 2014 00 57 14 0.47 
28 03 2014 00 57 14 0.21 
28 03 2014 00 57 15 0.06 
28 03 2014 00 57 15 0.36 
28 03 2014 00 57 15 0.18 
28 03 2014 00 57 15 0.11 
28 03 2014 00 57 16 0.49 
28 03 2014 00 57 17 0.16 
28 03 2014 00 57 17 0.12 
28 03 2014 00 57 17 0.44 
28 03 2014 00 57 17 0.47 
28 03 2014 00 57 17 0.12 
28 03 2014 00 57 18 0.34 
28 03 2014 00 57 18 0.05 
28 03 2014 00 57 19 0.09 
28 03 2014 00 57 19 0.39 
28 03 2014 00 57 20 0.13 
28 03 2014 00 57 20 0.33 
28 03 2014 00 57 20 0.12 
28 03 2014 00 57 20 0.38 
28 03 2014 00 57 21 0.10 
28 03 2014 00 57 22 0.45 
28 03 2014 00 57 22 1.65 
28 03 2014 00 57 22 0.36 
28 03 2014 00 57 22 0.12 
28 03 2014 00 57 23 0.09 
28 03 2014 00 57 23 0.32 
28 03 2014 00 57 24 0.54 
28 03 2014 00 57 24 0.10 
28 03 2014 00 57 24 0.08 
28 03 2014 00 57 25 0.00 
28 03 2014 00 57 25 0.11 
28 03 2014 00 57 26 0.14 
28 03 2014 00 57 26 0.48 
28 03 2014 00 57 27 0.14 
28 03 2014 00 57 27 0.19 
28 03 2014 00 57 27 0.13 
28 03 2014 00 57 27 0.34 
28 03 2014 00 57 27 0.18 
28 03 2014 00 57 28 0.63 
28 03 2014 00 57 28 0.11 
28 03 2014 00 57 28 0.05 
28 03 2014 00 57 28 0.14 
28 03 2014 00 57 29 0.00 
28 03 2014 00 57 30 0.07 
28 03 2014 00 57 30 0.44 
28 03 2014 00 57 30 0.48 
28 03 2014 00 57 31 0.15 
28 03 2014 00 57 31 0.83 
28 03 2014 00 57 32 0.23 
28 03 2014 00 57 33 0.11 
28 03 2014 00 57 33 0.08 
28 03 2014 00 57 36 0.10 
28 03 2014 00 57 36 0.24 
28 03 2014 00 57 36 0.39 
28 03 2014 00 57 37 0.09 
28 03 2014 00 57 37 0.07 
28 03 2014 00 57 37 0.06 
28 03 2014 00 57 39 0.56 
28 03 2014 00 57 41 0.12 
28 03 2014 00 57 41 0.07 
28 03 2014 00 57 41 0.18 
28 03 2014 00 57 41 0.08 
28 03 2014 00 57 42 0.16 
28 03 2014 00 57 42 0.77 
28 03 2014 00 57 43 0.10 
28 03 2014 00 57 44 0.25 
28 03 2014 00 57 44 0.64 
28 03 2014 00 57 44 0.19 
28 03 2014 00 57 45 0.07 
28 03 2014 00 57 46 0.06 
28 03 2014 00 57 46 0.67 
28 03 2014 00 57 47 0.08 
28 03 2014 00 57 47 0.07 
28 03 2014 00 57 47 0.16 
28 03 2014 00 57 48 0.18 
28 03 2014 00 57 51 0.32 
28 03 2014 00 57 52 0.12 
28 03 2014 00 57 52 0.19 
28 03 2014 00 57 52 0.17 
28 03 2014 00 57 52 0.38 
28 03 2014 00 57 53 0.17 
28 03 2014 00 57 53 0.58 
28 03 2014 00 57 53 0.12 
28 03 2014 00 57 54 0.21 
28 03 2014 00 57 54 0.09 
28 03 2014 00 57 54 0.16 
28 03 2014 00 57 54 0.06 
28 03 2014 00 57 54 0.10 
28 03 2014 00 57 55 0.10 
28 03 2014 00 57 55 0.25 
28 03 2014 00 57 55 0.06 
28 03 2014 00 57 56 0.07 
28 03 2014 00 57 56 0.22 
28 03 2014 00 57 56 0.30 
28 03 2014 00 57 57 0.12 
28 03 2014 00 57 58 0.13 
28 03 2014 00 57 58 0.05 
28 03 2014 00 57 58 0.36 
28 03 2014 00 57 59 0.11 
28 03 2014 00 57 59 1.65 
28 03 2014 00 58 00 0.07 
28 03 2014 00 58 01 0.05 
28 03 2014 00 58 01 0.12 
28 03 2014 00 58 01 0.12 
28 03 2014 00 58 02 0.11 
28 03 2014 00 58 02 0.19 
28 03 2014 00 58 03 0.19 
28 03 2014 00 58 03 0.10 
28 03 2014 00 58 03 0.10 
28 03 2014 00 58 03 0.15 
28 03 2014 00 58 03 0.10 
28 03 2014 00 58 04 0.12 
28 03 2014 00 58 04 0.27 
28 03 2014 00 58 05 0.00 
28 03 2014 00 58 05 0.05 
28 03 2014 00 58 06 0.07 
28 03 2014 00 58 07 0.10 
28 03 2014 00 58 07 0.09 
28 03 2014 00 58 09 0.06 
28 03 2014 00 58 10 0.30 
28 03 2014 00 58 10 0.24 
28 03 2014 00 58 11 0.14 
28 03 2014 00 58 13 0.19 
28 03 2014 00 58 14 0.10 
28 03 2014 00 58 15 0.05 
28 03 2014 00 58 17 0.19 
28 03 2014 00 58 17 0.06 
28 03 2014 00 58 20 0.54 
28 03 2014 00 58 20 0.07 
28 03 2014 00 58 22 0.13 
28 03 2014 00 58 22 0.07 
28 03 2014 00 58 22 0.05 
28 03 2014 00 58 22 0.07 
28 03 2014 00 58 22 0.18 
28 03 2014 00 58 24 0.09 
28 03 2014 00 58 24 0.14 
28 03 2014 00 58 25 0.00 
28 03 2014 00 58 25 2.19 
28 03 2014 00 58 25 0.08 
28 03 2014 00 58 26 0.78 
28 03 2014 00 58 27 0.08 
28 03 2014 00 58 28 0.10 
28 03 2014 00 58 34 0.69 
28 03 2014 00 58 34 0.15 
28 03 2014 00 58 35 0.11 
28 03 2014 00 58 36 0.26 
28 03 2014 00 58 36 0.34 
28 03 2014 00 58 37 0.10 
28 03 2014 00 58 37 0.06 
28 03 2014 00 58 38 0.08 
28 03 2014 00 58 38 0.08 
28 03 2014 00 58 38 0.06 
28 03 2014 00 58 38 0.07 
28 03 2014 00 58 39 0.15 
28 03 2014 00 58 39 0.19 
28 03 2014 00 58 39 0.00 
28 03 2014 00 58 40 0.33 
28 03 2014 00 58 40 0.10 
28 03 2014 00 58 40 0.43 
28 03 2014 00 58 42 0.37 
28 03 2014 00 58 42 0.21 
28 03 2014 00 58 43 0.38 
28 03 2014 00 58 44 0.39 
28 03 2014 00 58 44 0.05 
28 03 2014 00 58 44 0.07 
28 03 2014 00 58 46 0.91 
28 03 2014 00 58 46 0.07 
28 03 2014 00 58 48 0.07 
28 03 2014 00 58 51 0.60 
28 03 2014 00 58 51 0.68 
28 03 2014 00 58 52 0.15 
28 03 2014 00 58 52 0.94 
28 03 2014 00 58 53 0.26 
28 03 2014 00 58 54 0.94 
28 03 2014 00 58 55 0.09 
28 03 2014 00 58 56 0.27 
28 03 2014 00 58 57 0.13 
28 03 2014 00 58 58 0.13 
28 03 2014 00 58 58 0.38 
28 03 2014 00 58 59 0.11 
28 03 2014 00 58 59 0.55 
28 03 2014 00 58 59 0.07 
28 03 2014 00 58 59 0.05 
28 03 2014 00 59 00 1.65 
28 03 2014 00 59 01 0.12 
28 03 2014 00 59 01 0.32 
28 03 2014 00 59 02 0.90 
28 03 2014 00 59 02 0.26 
28 03 2014 00 59 03 0.43 
28 03 2014 00 59 03 0.23 
28 03 2014 00 59 04 1.07 
28 03 2014 00 59 04 0.37 
28 03 2014 00 59 05 0.17 
28 03 2014 00 59 06 0.25 
28 03 2014 00 59 07 0.39 
28 03 2014 00 59 08 0.24 
28 03 2014 00 59 08 0.07 
28 03 2014 00 59 08 0.10 
28 03 2014 00 59 09 0.08 
28 03 2014 00 59 10 0.09 
28 03 2014 00 59 11 0.41 
28 03 2014 00 59 11 0.05 
28 03 2014 00 59 12 0.07 
28 03 2014 00 59 12 0.37 
28 03 2014 00 59 12 0.00 
28 03 2014 00 59 13 0.55 
28 03 2014 00 59 14 0.23 
28 03 2014 00 59 14 0.66 
28 03 2014 00 59 14 0.00 
28 03 2014 00 59 14 0.00 
28 03 2014 00 59 14 0.17 
28 03 2014 00 59 16 0.27 
28 03 2014 00 59 16 0.24 
28 03 2014 00 59 18 0.55 
28 03 2014 00 59 18 0.95 
28 03 2014 00 59 18 0.50 
28 03 2014 00 59 19 0.13 
28 03 2014 00 59 20 0.24 
28 03 2014 00 59 20 0.06 
28 03 2014 00 59 20 0.21 
28 03 2014 00 59 21 0.24 
28 03 2014 00 59 22 0.23 
28 03 2014 00 59 23 0.14 
28 03 2014 00 59 23 0.07 
28 03 2014 00 59 25 0.21 
28 03 2014 00 59 26 0.55 
28 03 2014 00 59 26 0.21 
28 03 2014 00 59 27 0.33 
28 03 2014 00 59 28 0.00 
28 03 2014 00 59 28 0.41 
28 03 2014 00 59 29 0.40 
28 03 2014 00 59 30 0.09 
28 03 2014 00 59 31 0.23 
28 03 2014 00 59 32 1.01 
28 03 2014 00 59 33 0.14 
28 03 2014 00 59 33 0.17 
28 03 2014 00 59 34 0.41 
28 03 2014 00 59 34 0.26 
28 03 2014 00 59 34 0.26 
28 03 2014 00 59 36 0.17 
28 03 2014 00 59 36 0.21 
28 03 2014 00 59 36 0.08 
28 03 2014 00 59 39 0.11 
28 03 2014 00 59 39 0.07 
28 03 2014 00 59 41 0.20 
28 03 2014 00 59 41 0.49 
28 03 2014 00 59 42 0.44 
28 03 2014 00 59 43 0.12 
28 03 2014 00 59 44 0.05 
28 03 2014 00 59 45 0.55 
28 03 2014 00 59 45 0.05 
28 03 2014 00 59 46 0.48 
28 03 2014 00 59 47 0.15 
28 03 2014 00 59 47 0.09 
28 03 2014 00 59 49 0.11 
28 03 2014 00 59 50 0.33 
28 03 2014 00 59 50 0.15 
28 03 2014 00 59 51 0.39 
28 03 2014 00 59 51 0.25 
28 03 2014 00 59 52 0.41 
28 03 2014 00 59 55 0.10 
28 03 2014 00 59 56 0.09 
28 03 2014 00 59 57 0.14 
28 03 2014 00 59 57 0.06 
28 03 2014 00 59 58 0.11 
28 03 2014 00 59 58 0.28 
28 03 2014 01 00 00 0.24 
28 03 2014 01 00 00 0.10 
28 03 2014 01 00 01 0.15 
28 03 2014 01 00 02 0.05 
28 03 2014 01 00 03 0.05 
28 03 2014 01 00 03 0.13 
28 03 2014 01 00 04 0.13 
28 03 2014 01 00 06 0.10 
28 03 2014 01 00 06 0.08 
28 03 2014 01 00 07 0.39 
28 03 2014 01 00 09 0.24 
28 03 2014 01 00 11 0.32 
28 03 2014 01 00 11 0.06 
28 03 2014 01 00 13 0.18 
28 03 2014 01 00 13 0.44 
28 03 2014 01 00 14 0.25 
28 03 2014 01 00 14 0.10 
28 03 2014 01 00 15 0.17 
28 03 2014 01 00 16 0.05 
28 03 2014 01 00 16 0.21 
28 03 2014 01 00 16 0.14 
28 03 2014 01 00 17 0.14 
28 03 2014 01 00 18 0.07 
28 03 2014 01 00 18 0.66 
28 03 2014 01 00 19 0.19 
28 03 2014 01 00 19 0.05 
28 03 2014 01 00 21 0.40 
28 03 2014 01 00 22 0.00 
28 03 2014 01 00 23 0.07 
28 03 2014 01 00 24 0.07 
28 03 2014 01 00 24 0.11 
28 03 2014 01 00 25 0.13 
28 03 2014 01 00 26 0.25 
28 03 2014 01 00 26 0.48 
28 03 2014 01 00 26 0.00 
28 03 2014 01 00 26 0.30 
28 03 2014 01 00 26 0.07 
28 03 2014 01 00 26 0.08 
28 03 2014 01 00 28 0.21 
28 03 2014 01 00 29 0.20 
28 03 2014 01 00 29 0.22 
28 03 2014 01 00 30 0.13 
28 03 2014 01 00 31 0.14 
28 03 2014 01 00 31 0.25 
28 03 2014 01 00 32 0.10 
28 03 2014 01 00 33 0.07 
28 03 2014 01 00 34 0.15 
28 03 2014 01 00 34 0.25 
28 03 2014 01 00 36 0.71 
28 03 2014 01 00 37 0.22 
28 03 2014 01 00 37 0.23 
28 03 2014 01 00 37 0.13 
28 03 2014 01 00 39 0.28 
28 03 2014 01 00 39 0.08 
28 03 2014 01 00 40 0.21 
28 03 2014 01 00 40 0.14 
28 03 2014 01 00 42 0.11 
28 03 2014 01 00 43 0.28 
28 03 2014 01 00 43 0.05 
28 03 2014 01 00 45 0.63 
28 03 2014 01 00 45 0.07 
28 03 2014 01 00 45 0.30 
28 03 2014 01 00 47 0.06 
28 03 2014 01 00 48 0.06 
28 03 2014 01 00 48 0.67 
28 03 2014 01 00 48 0.09 
28 03 2014 01 00 49 0.12 
28 03 2014 01 00 50 0.11 
28 03 2014 01 00 50 0.76 
28 03 2014 01 00 50 0.12 
28 03 2014 01 00 51 0.09 
28 03 2014 01 00 52 0.18 
28 03 2014 01 00 52 0.29 
28 03 2014 01 00 53 0.16 
28 03 2014 01 00 53 0.05 
28 03 2014 01 00 54 0.31 
28 03 2014 01 00 55 0.08 
28 03 2014 01 00 56 0.16 
28 03 2014 01 00 57 0.31 
28 03 2014 01 00 57 0.00 
28 03 2014 01 00 57 0.15 
28 03 2014 01 00 57 0.53 
28 03 2014 01 00 57 0.41 
28 03 2014 01 00 57 0.46 
28 03 2014 01 00 58 0.10 
28 03 2014 01 00 59 0.13 
28 03 2014 01 00 59 0.15 
28 03 2014 01 01 00 0.06 
28 03 2014 01 01 00 0.00 
28 03 2014 01 01 01 0.59 
28 03 2014 01 01 01 0.31 
28 03 2014 01 01 04 0.14 
28 03 2014 01 01 05 0.09 
28 03 2014 01 01 05 0.00 
28 03 2014 01 01 06 1.00 
28 03 2014 01 01 06 0.18 
28 03 2014 01 01 08 0.07 
28 03 2014 01 01 09 0.36 
28 03 2014 01 01 09 0.40 
28 03 2014 01 01 09 0.12 
28 03 2014 01 01 14 1.11 
28 03 2014 01 01 15 0.41 
28 03 2014 01 01 15 0.09 
28 03 2014 01 01 17 0.08 
28 03 2014 01 01 18 0.55 
28 03 2014 01 01 18 0.07 
28 03 2014 01 01 19 0.75 
28 03 2014 01 01 19 0.12 
28 03 2014 01 01 19 0.12 
28 03 2014 01 01 21 0.25 
28 03 2014 01 01 21 0.11 
28 03 2014 01 01 22 0.15 
28 03 2014 01 01 22 0.37 
28 03 2014 01 01 23 0.05 
28 03 2014 01 01 23 0.15 
28 03 2014 01 01 25 0.06 
28 03 2014 01 01 25 0.24 
28 03 2014 01 01 25 0.10 
28 03 2014 01 01 27 0.07 
28 03 2014 01 01 28 0.33 
28 03 2014 01 01 29 0.45 
28 03 2014 01 01 30 0.46 
28 03 2014 01 01 31 0.10 
28 03 2014 01 01 31 0.07 
28 03 2014 01 01 32 0.63 
28 03 2014 01 01 32 0.00 
28 03 2014 01 01 32 0.10 
28 03 2014 01 01 33 0.09 
28 03 2014 01 01 33 0.15 
28 03 2014 01 01 33 0.07 
28 03 2014 01 01 33 0.32 
28 03 2014 01 01 33 0.07 
28 03 2014 01 01 33 0.18 
28 03 2014 01 01 34 0.15 
28 03 2014 01 01 35 0.57 
28 03 2014 01 01 36 0.16 
28 03 2014 01 01 36 0.07 
28 03 2014 01 01 37 0.30 
28 03 2014 01 01 39 0.10 
28 03 2014 01 01 39 0.30 
28 03 2014 01 01 39 0.45 
28 03 2014 01 01 41 0.05 
28 03 2014 01 01 42 0.90 
28 03 2014 01 01 42 0.00 
28 03 2014 01 01 42 0.11 
28 03 2014 01 01 42 0.31 
28 03 2014 01 01 42 0.17 
28 03 2014 01 01 43 0.06 
28 03 2014 01 01 44 0.22 
28 03 2014 01 01 45 0.17 
28 03 2014 01 01 46 0.33 
28 03 2014 01 01 46 0.05 
28 03 2014 01 01 46 0.05 
28 03 2014 01 01 46 0.18 
28 03 2014 01 01 47 0.00 
28 03 2014 01 01 47 0.21 
28 03 2014 01 01 48 0.17 
28 03 2014 01 01 49 0.05 
28 03 2014 01 01 50 0.02 
28 03 2014 01 01 52 0.23 
28 03 2014 01 01 53 0.11 
28 03 2014 01 01 54 0.49 
28 03 2014 01 01 55 0.13 
28 03 2014 01 01 55 0.15 
28 03 2014 01 01 55 0.06 
28 03 2014 01 01 56 0.11 
28 03 2014 01 01 57 0.31 
28 03 2014 01 01 57 0.24 
28 03 2014 01 01 58 0.07 
28 03 2014 01 02 00 0.22 
28 03 2014 01 02 00 0.14 
28 03 2014 01 02 01 0.14 
28 03 2014 01 02 01 0.11 
28 03 2014 01 02 02 0.15 
28 03 2014 01 02 02 0.06 
28 03 2014 01 02 02 0.64 
28 03 2014 01 02 03 0.09 
28 03 2014 01 02 03 0.00 
28 03 2014 01 02 04 0.15 
28 03 2014 01 02 04 0.22 
28 03 2014 01 02 04 0.05 
28 03 2014 01 02 05 0.12 
28 03 2014 01 02 05 0.07 
28 03 2014 01 02 05 0.18 
28 03 2014 01 02 05 0.26 
28 03 2014 01 02 06 0.07 
28 03 2014 01 02 06 0.05 
28 03 2014 01 02 06 0.55 
28 03 2014 01 02 06 0.00 
28 03 2014 01 02 07 0.07 
28 03 2014 01 02 07 0.27 
28 03 2014 01 02 08 0.06 
28 03 2014 01 02 08 0.56 
28 03 2014 01 02 09 0.17 
28 03 2014 01 02 09 0.06 
28 03 2014 01 02 10 0.05 
28 03 2014 01 02 10 0.15 
28 03 2014 01 02 12 1.16 
28 03 2014 01 02 13 0.75 
28 03 2014 01 02 13 0.07 
28 03 2014 01 02 14 0.25 
28 03 2014 01 02 14 0.32 
28 03 2014 01 02 15 0.52 
28 03 2014 01 02 16 0.22 
28 03 2014 01 02 16 0.71 
28 03 2014 01 02 16 0.29 
28 03 2014 01 02 16 0.78 
28 03 2014 01 02 17 0.10 
28 03 2014 01 02 18 0.12 
28 03 2014 01 02 18 0.07 
28 03 2014 01 02 18 0.13 
28 03 2014 01 02 19 0.49 
28 03 2014 01 02 19 0.05 
28 03 2014 01 02 21 0.07 
28 03 2014 01 02 21 0.24 
28 03 2014 01 02 21 0.40 
28 03 2014 01 02 21 0.49 
28 03 2014 01 02 22 0.08 
28 03 2014 01 02 22 0.41 
28 03 2014 01 02 23 0.72 
28 03 2014 01 02 23 0.10 
28 03 2014 01 02 24 0.08 
28 03 2014 01 02 25 0.27 
28 03 2014 01 02 25 0.00 
28 03 2014 01 02 25 0.13 
28 03 2014 01 02 26 0.14 
28 03 2014 01 02 26 0.08 
28 03 2014 01 02 26 0.19 
28 03 2014 01 02 26 0.41 
28 03 2014 01 02 27 0.14 
28 03 2014 01 02 27 0.46 
28 03 2014 01 02 27 0.27 
28 03 2014 01 02 27 0.61 
28 03 2014 01 02 27 0.08 
28 03 2014 01 02 29 0.10 
28 03 2014 01 02 30 0.20 
28 03 2014 01 02 30 0.17 
28 03 2014 01 02 30 0.09 
28 03 2014 01 02 31 1.10 
28 03 2014 01 02 31 0.38 
28 03 2014 01 02 32 0.08 
28 03 2014 01 02 32 0.11 
28 03 2014 01 02 32 0.36 
28 03 2014 01 02 32 1.45 
28 03 2014 01 02 32 0.39 
28 03 2014 01 02 34 0.06 
28 03 2014 01 02 34 0.63 
28 03 2014 01 02 34 0.93 
28 03 2014 01 02 34 0.29 
28 03 2014 01 02 35 0.13 
28 03 2014 01 02 35 0.05 
28 03 2014 01 02 35 0.54 
28 03 2014 01 02 36 0.14 
28 03 2014 01 02 36 0.61 
28 03 2014 01 02 36 0.20 
28 03 2014 01 02 37 0.51 
28 03 2014 01 02 38 0.38 
28 03 2014 01 02 38 0.19 
28 03 2014 01 02 38 0.21 
28 03 2014 01 02 39 0.06 
28 03 2014 01 02 39 0.22 
28 03 2014 01 02 40 0.08 
28 03 2014 01 02 41 0.05 
28 03 2014 01 02 41 0.12 
28 03 2014 01 02 41 0.15 
28 03 2014 01 02 42 0.19 
28 03 2014 01 02 42 0.05 
28 03 2014 01 02 43 0.31 
28 03 2014 01 02 43 0.10 
28 03 2014 01 02 43 0.07 
28 03 2014 01 02 44 0.13 
28 03 2014 01 02 44 0.64 
28 03 2014 01 02 45 0.37 
28 03 2014 01 02 46 0.14 
28 03 2014 01 02 47 0.41 
28 03 2014 01 02 47 0.16 
28 03 2014 01 02 48 0.25 
28 03 2014 01 02 48 0.50 
28 03 2014 01 02 48 0.08 
28 03 2014 01 02 49 0.05 
28 03 2014 01 02 49 0.19 
28 03 2014 01 02 49 0.06 
28 03 2014 01 02 50 0.06 
28 03 2014 01 02 51 0.00 
28 03 2014 01 02 52 0.05 
28 03 2014 01 02 52 0.28 
28 03 2014 01 02 52 0.18 
28 03 2014 01 02 52 0.15 
28 03 2014 01 02 53 0.54 
28 03 2014 01 02 55 0.22 
28 03 2014 01 02 55 0.12 
28 03 2014 01 02 58 0.27 
28 03 2014 01 02 58 0.31 
28 03 2014 01 02 58 0.22 
28 03 2014 01 03 00 0.13 
28 03 2014 01 03 00 0.29 
28 03 2014 01 03 01 0.21 
28 03 2014 01 03 01 0.05 
28 03 2014 01 03 01 0.13 
28 03 2014 01 03 02 0.06 
28 03 2014 01 03 02 0.22 
28 03 2014 01 03 03 0.28 
28 03 2014 01 03 03 0.31 
28 03 2014 01 03 04 0.15 
28 03 2014 01 03 04 0.32 
28 03 2014 01 03 05 0.74 
28 03 2014 01 03 05 0.93 
28 03 2014 01 03 05 0.07 
28 03 2014 01 03 05 0.08 
28 03 2014 01 03 06 0.14 
28 03 2014 01 03 06 0.14 
28 03 2014 01 03 06 0.13 
28 03 2014 01 03 08 0.36 
28 03 2014 01 03 09 0.31 
28 03 2014 01 03 10 0.33 
28 03 2014 01 03 11 0.11 
28 03 2014 01 03 11 0.22 
28 03 2014 01 03 12 0.37 
28 03 2014 01 03 12 0.25 
28 03 2014 01 03 13 0.11 
28 03 2014 01 03 13 0.15 
28 03 2014 01 03 13 0.07 
28 03 2014 01 03 13 0.10 
28 03 2014 01 03 14 0.32 
28 03 2014 01 03 14 0.09 
28 03 2014 01 03 14 0.13 
28 03 2014 01 03 14 0.39 
28 03 2014 01 03 14 0.06 
28 03 2014 01 03 15 0.05 
28 03 2014 01 03 15 0.12 
28 03 2014 01 03 17 0.33 
28 03 2014 01 03 18 0.12 
28 03 2014 01 03 19 0.21 
28 03 2014 01 03 19 0.05 
28 03 2014 01 03 19 0.23 
28 03 2014 01 03 20 0.66 
28 03 2014 01 03 21 0.66 
28 03 2014 01 03 21 0.84 
28 03 2014 01 03 23 0.16 
28 03 2014 01 03 23 0.07 
28 03 2014 01 03 24 0.09 
28 03 2014 01 03 24 0.61 
28 03 2014 01 03 24 0.00 
28 03 2014 01 03 24 0.06 
28 03 2014 01 03 24 0.32 
28 03 2014 01 03 24 0.08 
28 03 2014 01 03 25 0.11 
28 03 2014 01 03 25 0.10 
28 03 2014 01 03 25 0.00 
28 03 2014 01 03 25 0.20 
28 03 2014 01 03 26 0.03 
28 03 2014 01 03 26 0.17 
28 03 2014 01 03 26 0.06 
28 03 2014 01 03 27 0.00 
28 03 2014 01 03 27 0.32 
28 03 2014 01 03 27 0.33 
28 03 2014 01 03 27 0.07 
28 03 2014 01 03 27 0.09 
28 03 2014 01 03 28 0.11 
28 03 2014 01 03 28 0.07 
28 03 2014 01 03 28 0.06 
28 03 2014 01 03 30 0.15 
28 03 2014 01 03 30 0.07 
28 03 2014 01 03 30 0.09 
28 03 2014 01 03 30 0.18 
28 03 2014 01 03 30 0.21 
28 03 2014 01 03 30 0.25 
28 03 2014 01 03 30 0.29 
28 03 2014 01 03 31 0.08 
28 03 2014 01 03 31 0.27 
28 03 2014 01 03 33 0.27 
28 03 2014 01 03 33 0.01 
28 03 2014 01 03 33 0.10 
28 03 2014 01 03 34 0.09 
28 03 2014 01 03 35 0.23 
28 03 2014 01 03 35 0.88 
28 03 2014 01 03 36 0.26 
28 03 2014 01 03 36 0.24 
28 03 2014 01 03 37 0.15 
28 03 2014 01 03 39 0.05 
28 03 2014 01 03 39 0.12 
28 03 2014 01 03 39 0.47 
28 03 2014 01 03 39 0.13 
28 03 2014 01 03 39 0.08 
28 03 2014 01 03 41 0.10 
28 03 2014 01 03 42 0.06 
28 03 2014 01 03 42 0.06 
28 03 2014 01 03 43 0.07 
28 03 2014 01 03 46 0.11 
28 03 2014 01 03 46 0.06 
28 03 2014 01 03 48 0.12 
28 03 2014 01 03 49 0.29 
28 03 2014 01 03 49 0.21 
28 03 2014 01 03 50 0.32 
28 03 2014 01 03 51 0.05 
28 03 2014 01 03 51 0.05 
28 03 2014 01 03 51 0.07 
28 03 2014 01 03 51 0.07 
28 03 2014 01 03 53 0.00 
28 03 2014 01 03 54 0.40 
28 03 2014 01 03 55 0.54 
28 03 2014 01 03 55 0.14 
28 03 2014 01 03 55 0.06 
28 03 2014 01 03 56 0.08 
28 03 2014 01 03 56 0.08 
28 03 2014 01 03 57 0.27 
28 03 2014 01 04 00 0.30 
28 03 2014 01 04 01 0.22 
28 03 2014 01 04 05 0.05 
28 03 2014 01 04 07 0.16 
28 03 2014 01 04 07 0.09 
28 03 2014 01 04 07 0.08 
28 03 2014 01 04 08 0.60 
28 03 2014 01 04 08 0.08 
28 03 2014 01 04 09 0.08 
28 03 2014 01 04 09 0.05 
28 03 2014 01 04 10 0.20 
28 03 2014 01 04 11 0.09 
28 03 2014 01 04 11 0.07 
28 03 2014 01 04 11 0.05 
28 03 2014 01 04 11 0.32 
28 03 2014 01 04 12 0.08 
28 03 2014 01 04 12 0.21 
28 03 2014 01 04 13 0.15 
28 03 2014 01 04 13 0.11 
28 03 2014 01 04 14 0.13 
28 03 2014 01 04 14 0.11 
28 03 2014 01 04 17 0.06 
28 03 2014 01 04 17 0.32 
28 03 2014 01 04 18 0.13 
28 03 2014 01 04 20 0.30 
28 03 2014 01 04 20 0.26 
28 03 2014 01 04 21 0.05 
28 03 2014 01 04 21 0.06 
28 03 2014 01 04 22 0.06 
28 03 2014 01 04 23 0.10 
28 03 2014 01 04 26 0.11 
28 03 2014 01 04 28 0.23 
28 03 2014 01 04 29 0.05 
28 03 2014 01 04 29 0.06 
28 03 2014 01 04 30 0.26 
28 03 2014 01 04 30 0.06 
28 03 2014 01 04 33 0.19 
28 03 2014 01 04 33 0.07 
28 03 2014 01 04 35 0.21 
28 03 2014 01 04 35 1.44 
28 03 2014 01 04 35 0.07 
28 03 2014 01 04 35 0.09 
28 03 2014 01 04 36 0.31 
28 03 2014 01 04 37 0.07 
28 03 2014 01 04 37 0.07 
28 03 2014 01 04 38 0.05 
28 03 2014 01 04 39 0.14 
28 03 2014 01 04 40 0.09 
28 03 2014 01 04 41 0.17 
28 03 2014 01 04 41 0.06 
28 03 2014 01 04 42 0.66 
28 03 2014 01 04 42 0.10 
28 03 2014 01 04 42 0.33 
28 03 2014 01 04 43 0.25 
28 03 2014 01 04 43 0.14 
28 03 2014 01 04 43 0.05 
28 03 2014 01 04 44 0.05 
28 03 2014 01 04 44 0.09 
28 03 2014 01 04 44 0.07 
28 03 2014 01 04 45 0.26 
28 03 2014 01 04 46 0.07 
28 03 2014 01 04 47 0.06 
28 03 2014 01 04 47 0.42 
28 03 2014 01 04 47 0.12 
28 03 2014 01 04 48 0.06 
28 03 2014 01 04 48 0.34 
28 03 2014 01 04 48 0.21 
28 03 2014 01 04 49 0.07 
28 03 2014 01 04 50 0.00 
28 03 2014 01 04 51 0.17 
28 03 2014 01 04 52 0.06 
28 03 2014 01 04 53 0.13 
28 03 2014 01 04 54 0.00 
28 03 2014 01 04 54 0.24 
28 03 2014 01 04 56 0.09 
28 03 2014 01 04 57 0.07 
28 03 2014 01 04 57 0.06 
28 03 2014 01 04 58 0.08 
28 03 2014 01 04 58 0.10 
28 03 2014 01 04 58 0.34 
28 03 2014 01 04 58 0.17 
28 03 2014 01 05 01 0.22 
28 03 2014 01 05 01 0.09 
28 03 2014 01 05 02 0.06 
28 03 2014 01 05 03 0.53 
28 03 2014 01 05 04 0.13 
28 03 2014 01 05 04 0.09 
28 03 2014 01 05 06 0.16 
28 03 2014 01 05 06 0.22 
28 03 2014 01 05 07 0.11 
28 03 2014 01 05 07 0.61 
28 03 2014 01 05 07 0.06 
28 03 2014 01 05 08 0.13 
28 03 2014 01 05 08 0.11 
28 03 2014 01 05 08 0.10 
28 03 2014 01 05 10 0.25 
28 03 2014 01 05 11 0.12 
28 03 2014 01 05 11 0.00 
28 03 2014 01 05 12 0.00 
28 03 2014 01 05 12 0.07 
28 03 2014 01 05 12 0.11 
28 03 2014 01 05 13 0.34 
28 03 2014 01 05 14 0.77 
28 03 2014 01 05 14 0.22 
28 03 2014 01 05 15 0.06 
28 03 2014 01 05 15 0.13 
28 03 2014 01 05 16 0.05 
28 03 2014 01 05 16 0.21 
28 03 2014 01 05 16 0.10 
28 03 2014 01 05 17 0.11 
28 03 2014 01 05 18 0.23 
28 03 2014 01 05 18 0.13 
28 03 2014 01 05 19 0.07 
28 03 2014 01 05 19 0.31 
28 03 2014 01 05 20 0.11 
28 03 2014 01 05 21 0.05 
28 03 2014 01 05 22 0.06 
28 03 2014 01 05 23 0.08 
28 03 2014 01 05 24 0.33 
28 03 2014 01 05 24 0.45 
28 03 2014 01 05 25 0.49 
28 03 2014 01 05 25 0.20 
28 03 2014 01 05 26 0.13 
28 03 2014 01 05 26 0.23 
28 03 2014 01 05 26 0.10 
28 03 2014 01 05 27 0.31 
28 03 2014 01 05 27 0.10 
28 03 2014 01 05 27 0.07 
28 03 2014 01 05 29 0.23 
28 03 2014 01 05 30 0.29 
28 03 2014 01 05 30 0.05 
28 03 2014 01 05 31 0.08 
28 03 2014 01 05 31 0.08 
28 03 2014 01 05 32 0.12 
28 03 2014 01 05 32 0.23 
28 03 2014 01 05 32 0.00 
28 03 2014 01 05 32 0.09 
28 03 2014 01 05 32 0.00 
28 03 2014 01 05 33 0.29 
28 03 2014 01 05 33 0.06 
28 03 2014 01 05 34 0.07 
28 03 2014 01 05 35 0.19 
28 03 2014 01 05 36 0.19 
28 03 2014 01 05 37 0.17 
28 03 2014 01 05 38 0.29 
28 03 2014 01 05 39 0.09 
28 03 2014 01 05 40 0.10 
28 03 2014 01 05 41 0.07 
28 03 2014 01 05 41 0.09 
28 03 2014 01 05 41 0.09 
28 03 2014 01 05 43 0.08 
28 03 2014 01 05 44 0.30 
28 03 2014 01 05 44 0.11 
28 03 2014 01 05 45 0.40 
28 03 2014 01 05 45 0.30 
28 03 2014 01 05 46 0.07 
28 03 2014 01 05 47 0.06 
28 03 2014 01 05 48 0.11 
28 03 2014 01 05 49 0.13 
28 03 2014 01 05 49 0.24 
28 03 2014 01 05 51 0.12 
28 03 2014 01 05 51 0.09 
28 03 2014 01 05 52 0.33 
28 03 2014 01 05 53 0.24 
28 03 2014 01 05 53 0.23 
28 03 2014 01 05 57 0.10 
28 03 2014 01 05 57 0.12 
28 03 2014 01 05 57 0.34 
28 03 2014 01 05 58 0.10 
28 03 2014 01 05 58 0.06 
28 03 2014 01 05 58 0.13 
28 03 2014 01 05 59 0.06 
28 03 2014 01 05 59 0.11 
28 03 2014 01 05 59 0.08 
28 03 2014 01 05 59 0.16 
28 03 2014 01 05 59 0.07 
28 03 2014 01 06 00 0.07 
28 03 2014 01 06 01 0.59 
28 03 2014 01 06 01 0.14 
28 03 2014 01 06 01 0.05 
28 03 2014 01 06 03 0.00 
28 03 2014 01 06 03 0.41 
28 03 2014 01 06 07 0.14 
28 03 2014 01 06 07 0.13 
28 03 2014 01 06 07 0.07 
28 03 2014 01 06 08 0.20 
28 03 2014 01 06 08 0.26 
28 03 2014 01 06 11 0.31 
28 03 2014 01 06 11 0.06 
28 03 2014 01 06 12 0.07 
28 03 2014 01 06 13 0.06 
28 03 2014 01 06 14 0.16 
28 03 2014 01 06 14 0.07 
28 03 2014 01 06 15 0.08 
28 03 2014 01 06 15 0.44 
28 03 2014 01 06 19 0.08 
28 03 2014 01 06 20 0.20 
28 03 2014 01 06 22 0.07 
28 03 2014 01 06 22 0.08 
28 03 2014 01 06 23 0.07 
28 03 2014 01 06 23 0.08 
28 03 2014 01 06 25 0.14 
28 03 2014 01 06 25 0.08 
28 03 2014 01 06 26 0.06 
28 03 2014 01 06 26 0.29 
28 03 2014 01 06 27 0.21 
28 03 2014 01 06 29 0.05 
28 03 2014 01 06 30 0.12 
28 03 2014 01 06 30 0.09 
28 03 2014 01 06 31 0.15 
28 03 2014 01 06 31 0.16 
28 03 2014 01 06 33 0.07 
28 03 2014 01 06 34 0.05 
28 03 2014 01 06 34 0.14 
28 03 2014 01 06 35 0.20 
28 03 2014 01 06 35 0.07 
28 03 2014 01 06 37 0.21 
28 03 2014 01 06 40 1.65 
28 03 2014 01 06 44 0.14 
28 03 2014 01 06 45 0.06 
28 03 2014 01 06 46 0.06 
28 03 2014 01 06 46 0.23 
28 03 2014 01 06 48 0.05 
28 03 2014 01 06 49 0.16 
28 03 2014 01 06 49 0.05 
28 03 2014 01 06 50 0.00 
28 03 2014 01 06 50 0.10 
28 03 2014 01 06 51 0.11 
28 03 2014 01 06 52 0.08 
28 03 2014 01 06 58 0.08 
28 03 2014 01 07 00 0.06 
28 03 2014 01 07 03 0.12 
28 03 2014 01 07 05 0.08 
28 03 2014 01 07 08 0.05 
28 03 2014 01 07 10 0.09 
28 03 2014 01 07 14 0.35 
28 03 2014 01 07 15 0.05 
28 03 2014 01 07 15 0.05 
28 03 2014 01 07 16 0.29 
28 03 2014 01 07 19 0.19 
28 03 2014 01 07 20 0.07 
28 03 2014 01 07 22 0.09 
28 03 2014 01 07 25 0.10 
28 03 2014 01 07 26 0.07 
28 03 2014 01 07 27 0.29 
28 03 2014 01 07 29 0.10 
28 03 2014 01 07 31 0.07 
28 03 2014 01 07 33 0.05 
28 03 2014 01 07 35 0.05 
28 03 2014 01 07 36 0.15 
28 03 2014 01 07 37 0.06 
28 03 2014 01 07 37 0.10 
28 03 2014 01 07 37 0.16 
28 03 2014 01 07 38 0.12 
28 03 2014 01 07 38 0.11 
28 03 2014 01 07 39 0.06 
28 03 2014 01 07 40 0.06 
28 03 2014 01 07 42 0.31 
28 03 2014 01 07 45 0.06 
28 03 2014 01 07 45 0.06 
28 03 2014 01 07 46 0.11 
28 03 2014 01 07 48 0.06 
28 03 2014 01 07 49 0.08 
28 03 2014 01 07 49 0.13 
28 03 2014 01 07 53 0.09 
28 03 2014 01 07 54 0.13 
28 03 2014 01 07 57 0.14 
28 03 2014 01 08 00 0.10 
28 03 2014 01 08 05 0.07 
28 03 2014 01 08 06 0.16 
28 03 2014 01 08 08 0.10 
28 03 2014 01 08 21 0.05 
28 03 2014 01 08 26 0.09 
28 03 2014 01 08 31 0.10 
28 03 2014 01 08 31 0.05 
28 03 2014 01 08 31 0.11 
28 03 2014 01 08 54 0.06 
28 03 2014 01 08 59 0.15 
28 03 2014 01 09 11 0.05 
28 03 2014 01 09 23 0.06 
28 03 2014 01 09 50 0.11 
28 03 2014 01 11 00 0.18 
28 03 2014 01 11 10 0.09 
28 03 2014 01 11 12 0.12 
28 03 2014 01 11 24 0.07 
28 03 2014 01 11 25 0.06 
28 03 2014 01 12 36 0.11 
28 03 2014 01 13 01 0.06 
28 03 2014 01 13 03 0.17 
28 03 2014 02 13 24 0.05 
28 03 2014 02 13 25 0.06 
28 03 2014 02 14 05 0.41 
28 03 2014 02 14 05 0.05 
28 03 2014 02 14 11 0.23 
28 03 2014 02 14 12 0.25 
28 03 2014 02 14 13 0.28 
28 03 2014 02 14 13 0.18 
28 03 2014 02 14 14 0.28 
28 03 2014 02 14 14 0.26 
28 03 2014 02 14 14 0.13 
28 03 2014 02 14 16 0.28 
28 03 2014 02 14 16 0.13 
28 03 2014 02 14 16 0.07 
28 03 2014 02 14 16 0.07 
28 03 2014 02 14 16 0.11 
28 03 2014 02 14 17 0.12 
28 03 2014 02 14 18 0.08 
28 03 2014 02 14 18 0.09 
28 03 2014 02 14 19 0.22 
28 03 2014 02 14 19 0.11 
28 03 2014 02 14 20 0.24 
28 03 2014 02 14 20 0.11 
28 03 2014 02 14 20 0.17 
28 03 2014 02 14 21 0.06 
28 03 2014 02 14 21 0.08 
28 03 2014 02 14 22 0.08 
28 03 2014 02 14 22 0.09 
28 03 2014 02 14 23 0.06 
28 03 2014 02 14 23 0.10 
28 03 2014 02 14 24 0.09 
28 03 2014 02 14 24 0.06 
28 03 2014 02 14 24 0.05 
28 03 2014 02 14 25 0.22 
28 03 2014 02 14 25 0.05 
28 03 2014 02 14 26 0.06 
28 03 2014 02 14 26 0.38 
28 03 2014 02 14 27 0.11 
28 03 2014 02 14 27 0.33 
28 03 2014 02 14 28 0.26 
28 03 2014 02 14 29 0.22 
28 03 2014 02 14 29 0.11 
28 03 2014 02 14 30 0.12 
28 03 2014 02 14 31 0.29 
28 03 2014 02 14 33 0.07 
28 03 2014 02 14 37 0.06 
28 03 2014 02 14 38 0.11 
28 03 2014 02 14 41 0.07 
28 03 2014 02 14 43 0.08 
28 03 2014 02 14 43 0.08 
28 03 2014 02 14 43 0.08 
28 03 2014 02 14 43 0.26 
28 03 2014 02 14 44 0.05 
28 03 2014 02 14 46 0.07 
28 03 2014 02 14 47 0.07 
28 03 2014 02 14 48 0.05 
28 03 2014 02 14 48 0.06 
28 03 2014 02 14 50 0.08 
28 03 2014 02 14 50 0.08 
28 03 2014 02 14 50 0.08 
28 03 2014 02 14 52 0.09 
28 03 2014 02 14 52 0.07 
28 03 2014 02 14 59 0.07 
28 03 2014 02 15 01 0.11 
28 03 2014 02 15 01 0.10 
28 03 2014 02 15 01 0.05 
28 03 2014 02 15 02 0.06 
28 03 2014 02 15 03 0.10 
28 03 2014 02 15 06 0.07 
28 03 2014 02 15 10 0.08 
28 03 2014 02 15 10 0.07 
28 03 2014 02 15 11 0.11 
28 03 2014 02 15 14 0.05 
28 03 2014 02 15 15 0.05 
28 03 2014 02 15 16 0.08 
28 03 2014 02 15 16 0.05 
28 03 2014 02 15 20 0.07 
28 03 2014 02 15 21 0.07 
28 03 2014 02 15 22 0.05 
28 03 2014 02 15 23 0.05 
28 03 2014 02 15 31 0.09 
28 03 2014 02 15 32 0.07 
28 03 2014 02 15 32 0.07 
28 03 2014 02 15 36 0.09 
28 03 2014 02 15 37 0.12 
28 03 2014 02 15 41 0.06 
28 03 2014 02 15 44 0.05 
28 03 2014 02 15 45 0.06 
28 03 2014 02 15 50 0.15 
28 03 2014 02 15 53 0.07 
28 03 2014 02 15 59 0.15 
28 03 2014 02 15 59 0.10 
28 03 2014 02 16 01 0.12 
28 03 2014 02 16 03 0.12 
28 03 2014 02 16 04 0.08 
28 03 2014 02 16 07 0.06 
28 03 2014 02 16 07 0.06 
28 03 2014 02 16 07 0.07 
28 03 2014 02 16 09 0.09 
28 03 2014 02 16 11 0.07 
28 03 2014 02 16 12 0.12 
28 03 2014 02 16 14 0.06 
28 03 2014 02 16 17 0.07 
28 03 2014 02 16 17 0.05 
28 03 2014 02 16 18 0.00 
28 03 2014 02 16 18 0.05 
28 03 2014 02 16 20 0.05 
28 03 2014 02 16 23 0.06 
28 03 2014 02 16 28 0.05 
28 03 2014 02 16 31 0.08 
28 03 2014 02 16 39 0.08 
28 03 2014 02 16 40 0.12 
28 03 2014 02 16 55 0.06 
28 03 2014 06 46 37 0.05 
28 03 2014 18 09 23 0.00 
